0.045065109565246530 0.081475600104511640 -0.0069735057905292210 0.0071673019323491200 0.00150
0.086755535300422430 0.0039269687812834350 -0.0074590091171891915 0.0066605692691907750 0.00150
0.019766759274032146 0.064922030939334060 0.0078020623219107290 -0.0062552236990391450 0.00150
0.046926238746804360 0.0060082239632946470 -0.0091805469777648080 0.0039645374495713200 0.00150
0.055004236469764410 0.017638556508722640 -0.0097690328843681640 0.0021368192492893317 0.00150
0.085947324361704340 0.059811683246880110 -0.0099426263699548110 -0.0010696639039806952 0.00150
0.0029766950403184436 0.038369079034758620 -0.0077686530156856210 -0.0062966681921377060 0.00150
0.010088890567634384 0.015224329511652255 0.0070146051897397370 -0.0071270831363241690 0.00150
0.015248964408265465 0.079570065570995790 -0.0094705162978478900 -0.0032108131450144390 0.00150
0.074255965694871000 0.049145273100830940 0.0062157975054862305 -0.0078335088798565340 0.00150
0.081672326358488770 0.047806078003807456 -0.0088969893368242660 0.0045654770550770820 0.00150
0.032077331546503350 0.058514186267642494 0.0063288938994767380 0.0077424222313928430 0.00150
0.016511170624616645 0.055239341948727566 -0.0065680537150015076 0.0075406014612134820 0.00150
0.022361593244898326 0.013177401760505395 -0.0026545109592124956 -0.0096412432583884520 0.00150
0.025777434389941796 0.062723314428737760 0.0013362269015314288 0.0099103227832207220 0.00150
0.042587501584872560 0.079690012641777860 -0.0092797280023756020 0.0037264793306720652 0.00150
0.064342442487802780 0.052132602979915045 -0.0091685813481714820 -0.0039921317691130940 0.00150
0.041769531297883966 0.041382111590342344 -0.0082154547135344180 -0.0057014299828959680 0.00150
0.064138723558745030 0.088351657113376990 -0.0042889523558787600 -0.0090335423665914160 0.00150
0.060613020330693000 0.038697525279854670 -0.0097243341595730380 0.0023318072718303585 0.00150
0.061337604030987536 0.055106231631300520 -0.0077103965987824820 0.0063678712525838280 0.00150
0.039758650207213270 0.086818235825927490 -0.0089204164770127580 0.0045195320417759300 0.00150
0.0079004224259876470 0.088436587729529520 0.0048637781774027920 0.0087374860137811020 0.00150
0.088355185210775270 0.067744094812033680 0.0099948221704144680 0.00032176044161989575 0.00150
0.083663603029251310 0.078289553576047470 -0.0042312759837709480 0.0090607010517488770 0.00150
0.035011313683277930 0.052835881137529184 -0.0097113085540152570 -0.0023854739924614760 0.00150
0.019395112114949573 0.060736249986810690 0.0093821224033750380 0.0034606038791066810 0.00150
0.013509705439944468 0.070333473927107080 -0.0087039465592051780 -0.0049235469221385880 0.00150
0.037019840225438916 0.023819370792183830 -0.0070400329450555230 0.0071019670607890640 0.00150
0.050744597714797080 0.048716536841757180 -0.0080391155139192140 -0.0059474886930420830 0.00150
0.032875158413329640 0.019693126804732030 -0.0088578847027816230 0.0046408920039392540 0.00150
0.025222004363530510 0.085122275269819910 0.0024886498239261000 0.0096853818744473150 0.00150
0.065049167841186240 0.080562391467320530 -0.0086448640490087100 0.0050265620034131410 0.00150
0.060770919571910940 0.066216185364347520 -0.0098612485315561020 0.0016600534325384350 0.00150
0.018150294849426900 0.071056084794182170 -0.0098820062954431510 0.0015316499524440771 0.00150
0.033814566134256970 0.072223383594795450 -0.0098975332638906070 0.0014278778975034749 0.00150
0.050538050357216716 0.0050120052520618190 0.0099870907528235000 0.00050795501264119130 0.00150
0.029680894189703380 0.018768919338151054 0.0052872379682057190 0.0084879393652148500 0.00150
0.053844428233189920 0.070712976769414240 -0.0081554994793573280 0.0057868668761431120 0.00150
0.014857505433540516 0.017197615810282980 0.0081926885220297320 0.0057340958119831130 0.00150
0.028470046736026380 0.060232348273168960 0.0074579559843751730 -0.0066617484593102540 0.00150
0.010262033426378460 0.064302854230889260 -0.0092623654456730890 0.0037694278545690670 0.00150
0.071538428688691130 0.024633607850335020 0.0092436223675429750 0.0038151599607695610 0.00150
0.068277563890006890 0.035497516812456600 -0.0038376264324252105 0.0092343176989505490 0.00150
0.017344173854049388 0.011220747022483305 0.0028871195803897710 -0.0095741600429766170 0.00150
0.056525585309096020 0.057618755283179175 -0.0010140039894413547 0.0099484569612275570 0.00150
0.080981071060657630 0.021555761459200490 0.0012460562808313210 -0.0099220634822097770 0.00150
0.031495827874050840 0.083104544698446290 0.0088034755442410910 0.0047432919309219210 0.00150
0.0092726832858800650 0.024503120111969260 -0.0067972153047527770 -0.0073347027275026360 0.00150
0.082035379735998120 0.0032836185271818185 -0.0052039771290093816 0.0085392401325145600 0.00150
0.042952078683935540 0.0045684674866207000 0.0081005645458503160 0.0058635189126081010 0.00150
0.039485776367970780 0.053082798291005366 0.0027747812403177163 -0.0096073195568993580 0.00150
0.022661091417640992 0.079326239416995250 0.0031025604645889986 -0.0095065303115053120 0.00150
0.071166540346784820 0.033886381138739040 0.0097783922060258170 -0.0020935725125090783 0.00150
0.0055888633358224800 0.0061878413305964700 0.0077076274392322080 0.0063712227443399560 0.00150
0.010345188639101692 0.058282931460440196 0.0052915408393966650 -0.0084852575414655060 0.00150
0.039721062416706630 0.062099132064794185 0.0095491185213165980 -0.0029688946538818624 0.00150
0.028951111027955116 0.013908393679387409 -0.0077549313444055710 0.0063135599976206760 0.00150
0.016452198683733670 0.045142670167691250 0.0041992730171787436 0.0090755774542006160 0.00150
0.083276547236442140 0.026647776993569964 -0.0098954565156267380 -0.0014421998291985548 0.00150
0.060903151898076800 0.020748523122831530 0.0098631777626950160 0.0016485522198215510 0.00150
0.051827648319834110 0.058206773182944290 0.0091072870108947440 -0.0041300512467992310 0.00150
0.084581600371748070 0.070124206905908430 0.0092140672017429650 -0.0038859960887479734 0.00150
0.083072118529164740 0.057724220623755300 0.0068370481701649200 -0.0072975867462363560 0.00150
0.045565606827464700 0.011889190395152448 0.0080073536497331930 0.0059901825955562090 0.00150
0.0041212997906003275 0.033899215298092100 -0.0096707861792192110 -0.0025447779226924070 0.00150
0.023005564520827160 0.055453909979477710 -4.7451608234146605e-05 0.0099998874166100500 0.00150
0.021246708849102150 0.086728171184471100 -0.00012188896580230981 0.0099992571264077240 0.00150
0.023400226313841626 0.017358951017686586 0.0067268972569046520 -0.0073992468059288765 0.00150
0.047580463846561144 0.073946625737570500 -0.0062003806436732990 0.0078457172950318240 0.00150
0.046662367371585724 0.051613500104136450 -0.0080517780095773850 -0.0059303348037430440 0.00150
0.022865360448225200 0.021006422860177808 -0.0066544675888719870 0.0074644531687627500 0.00150
0.0079533367602111000 0.020812543173002810 0.0034258640339425855 -0.0093948632571708380 0.00150
0.070076685221532320 0.055133002541809396 0.0064490046292666250 0.0076426657189555035 0.00150
0.047135106096714306 0.070580115496149220 -0.00078960069108747440 0.0099687777961309870 0.00150
0.082771840430632240 0.052692066152809800 0.0088675678071654900 -0.0046223631602592885 0.00150
0.076746686135010510 0.033889950780111390 0.0093376968422258340 0.0035787452665264827 0.00150
0.037476563434217040 0.075996694627953930 0.0096124215643746090 -0.0027570548904122345 0.00150
0.048580679027907700 0.067407541031306710 -0.0096485975681657320 0.0026276538903718507 0.00150
0.067558799800393880 0.078130998312619270 0.0089966142744197720 0.0043658826824946190 0.00150
0.039407061108470050 0.031472612506618950 0.0048929372556037810 -0.0087211905731227180 0.00150
0.057579590262384470 0.087493242724921640 -0.00039658195252134510 0.0099921330432963300 0.00150
0.050849792260384410 0.084124171339741700 0.0079005665638566900 0.0061303383242745840 0.00150
0.024485100390091746 0.074447650293927910 -0.0077571994843802370 -0.0063107730239274970 0.00150
0.056086647833078734 0.0092515195176792080 -0.0099332133516038100 0.0011538078312785891 0.00150
0.025401597341429290 0.023852179063682050 -0.0099314664028810600 0.0011687493693879486 0.00150
0.068140278581449330 0.084463996280837300 0.0068886036647244490 0.0072489405812397780 0.00150
0.066020978912009360 0.073116255715666800 -0.0094210855158779370 0.0033530803304595810 0.00150
0.087747649300525140 0.056758409077957740 0.0061877799028986460 0.0078556590985915130 0.00150
0.053673841204896613 0.024444738637272660 -0.0036132835834949390 -0.0093243864004687180 0.00150
0.032412752999456100 0.067370211284390900 -0.0094621591698436040 -0.0032353583796149387 0.00150
0.051770103115024740 0.043837981547738570 0.0040843617965729620 0.0091278687936831820 0.00150
0.074006263449950580 0.0064862882754260480 -0.0064718646300869720 -0.0076233174018814940 0.00150
0.069885013901399710 0.029304699449370464 -0.0098437715164762100 -0.0017607277845855815 0.00150
0.030562818802109492 0.048071938237092480 -0.0071861297763465960 -0.0069541023027781840 0.00150
0.080347245878728670 0.065509444207454700 0.0079364745559233410 -0.0060837793864654070 0.00150
0.085570803982664800 0.049373425630545045 0.00070797112373717360 -0.0099749073623745660 0.00150
0.068985297754071780 0.088023914708560070 -0.0063444794766671830 0.0077296558895043254 0.00150
0.039135028629623090 0.0045232346906633695 -0.0088199394502093300 -0.0047126073562987530 0.00150
0.058074468957026800 0.036589991157326260 -0.0098892177487817870 0.0014843760699968522 0.00150
0.062423498534566364 0.082156590545837350 -0.0095400936499142050 -0.0029977680281947520 0.00150
0.056949818736694566 0.081899803583930920 0.0031000672691689050 0.0095073436314581390 0.00150
0.0082190822961668820 0.0094094284946718960 -0.0010624184151410575 -0.0099434031956453000 0.00150
0.049574569866127786 0.041734454933184230 0.0066084077394490940 -0.0075052612978622750 0.00150
0.042481435482632950 0.064869708448578020 -0.0039403409309495550 0.0091909582388281800 0.00150
0.088380922256683270 0.032367030372172160 0.0090902015758997120 -0.0041675214827893080 0.00150
0.053878924822015416 0.035104489827680000 -0.0072076678234933510 -0.0069317764350979050 0.00150
0.0028651714894332705 0.025414243612173773 -0.0075796487034394260 0.0065229537429334140 0.00150
0.072481123054561960 0.010983071494660728 0.0032201068154830426 -0.0094673603552880400 0.00150
0.087658630731311170 0.019180676351841490 0.0041972238139404510 0.0090765253404423000 0.00150
0.0029829249286070017 0.056478714967896006 -0.0097578129040870580 0.0021874842465334707 0.00150
0.029702756751280923 0.022959036734161758 -0.0080429143911640660 0.0059423503848566480 0.00150
0.031596656953494597 0.087405257576812210 -0.0088357242041067950 0.0046829454181061450 0.00150
0.047247757156583380 0.026372061289954358 0.0098646240026039060 -0.0016398759975226470 0.00150
0.073318378867437850 0.041079747946840710 -0.0095689445949809100 -0.0029043586793276120 0.00150
0.035733192140244640 0.0075755413816496910 0.0099607375821792740 -0.00088527217225065140 0.00150
0.012712190345096996 0.025980318040928150 0.0095034604369988020 -0.0031119511118265614 0.00150
0.0079400120545802520 0.054043900873169620 0.0037882457577887462 0.0092546849799761180 0.00150
0.045880660788649820 0.018738301647574610 0.0074216535309587580 0.0067021682212853620 0.00150
0.025788087076413953 0.0025991416001804324 -0.0094708364096777550 -0.0032098687981165510 0.00150
0.033652749398185760 0.014409596254676577 0.0082754649328223300 -0.0056139718689736870 0.00150
0.014744215097351916 0.0085887135467624370 0.0046570192304725750 -0.0088494164715538520 0.00150
0.053666605064235616 0.086403445605449840 -0.0099997237061880870 7.4335724251398170e-05 0.00150
0.046067735452639515 0.033440907002555610 -0.0077886442583048330 -0.0062719231992727050 0.00150
0.014290850491576423 0.023065937330454980 -0.0045861652247522820 0.0088863428096868320 0.00150
0.039561115777547375 0.047103754881564600 0.0034224305242211340 0.0093961145856614300 0.00150
0.024262146929591468 0.041599099753753690 -0.0099875044408369150 0.00049975498423017090 0.00150
0.037051357232131840 0.011070628289663150 0.0076320404259536090 0.0064615755769479215 0.00150
0.042381217810399614 0.030575193064118867 -0.0083013739320844640 -0.0055755888334514510 0.00150
0.037007618610670125 0.080868468449418670 -0.0074598556552902740 0.0066596211305324060 0.00150
0.039001964758263570 0.039070723497030880 0.0026173322593456940 -0.0096514025842977020 0.00150
0.031347597955733430 0.053264853595355490 -0.0051542006238666950 0.0085693766359597120 0.00150
0.054210451546881150 0.052261006406952950 -0.0099115724828178100 -0.0013269253625765012 0.00150
0.064950958013913660 0.031547051149158240 -0.0072368488902112830 0.0069013055388272540 0.00150
0.0083984060811570200 0.037904740832547860 -0.0089565739201278510 0.0044474468645826020 0.00150
0.033876021450455970 0.064369067008544100 0.0062568205012311240 -0.0078007818335968040 0.00150
0.070494375481578040 0.062653779130432480 0.0059418254563363240 0.0080433021978807710 0.00150
0.076531311656626020 0.030204532144501296 -0.0077164161188257320 0.0063605756249828860 0.00150
0.029818285685485780 0.041577193835647990 0.0099725347981317400 0.00074064141124539010 0.00150
0.041248817061085116 0.055521792579853194 0.0073490735891261864 0.0067816751161942260 0.00150
0.027496944248188480 0.073032041132038960 0.0089331477517156760 0.0044943154368621220 0.00150
0.0033399754336901170 0.081162555803159700 0.0099811799182085450 0.00061322707079064390 0.00150
0.012452596861699500 0.048926452185139480 -0.0098914119078305930 -0.0014696837991987118 0.00150
0.017546125193506026 0.0054385697183470475 -0.0061084976331310190 -0.0079174652930109350 0.00150
0.029490924879564163 0.033318616369728660 -0.0086986957968378200 0.0049328177985889590 0.00150
0.010712445507982279 0.046259215449676780 0.0026957787897442264 -0.0096297859123017450 0.00150
0.078407445172441900 0.053848847861536130 -0.0021653131192769957 -0.0097627567364698250 0.00150
0.050690614014161480 0.028687381752250093 0.0095986375564469600 0.0028046670140973840 0.00150
0.0039205562794692940 0.030383021246506558 -0.0099973074468561240 0.00023204269657776010 0.00150
0.050978187507216600 0.073418016727382300 0.0097247869711678830 0.0023299181027245120 0.00150
0.083169182188906300 0.038790626602830114 0.0051562174749067790 -0.0085681632425780700 0.00150
0.0051934747193290150 0.045931823543840970 0.0074226030745723010 0.0067011165933260580 0.00150
0.030015714190731454 0.045064501962158420 -0.0059508830287983380 0.0080366032114046730 0.00150
0.069917023904170080 0.0052932795406272935 0.0099453565658425450 0.0010439745103461840 0.00150
0.034351348614259520 0.076742415656360530 0.0083829826370063550 0.0054521190474576030 0.00150
0.060654559218815760 0.060387280318079420 -0.00013257968964538230 -0.0099991210926707720 0.00150
0.043839256353100350 0.060196535673106050 0.0095662440967896870 -0.0029132411298477270 0.00150
0.012396903035442200 0.031416999004021260 -0.0042035152195820580 -0.0090736133815995270 0.00150
0.058300835604403580 0.026019605964376323 -0.0096483730661675700 -0.0026284781102478730 0.00150
0.017375461327445968 0.031027632486343073 0.0094401376657456300 -0.0032990606014092340 0.00150
0.076552592681843490 0.038538153923655420 0.0091986563419267050 0.0039223362302499800 0.00150
0.080581791494653790 0.030227056185136277 -0.0090886068233610430 -0.0041709982031109880 0.00150
0.068969204391994720 0.059106774471897360 0.0026781664503431946 -0.0096346989815072150 0.00150
0.0073993234883448380 0.0024533994264205367 -0.0063799138750705420 0.0077004349842513690 0.00150
0.017579603499501510 0.042216107064098490 -0.0083062273849209700 -0.0055683558282484930 0.00150
0.0064555539464901356 0.079415059134163900 0.0098359916351126330 0.0018036819436902697 0.00150
0.079427989462842340 0.039978468553873506 -0.0097615955257393680 0.0021705420502411703 0.00150
0.023696312133092815 0.059694990012886960 0.0097687976424960090 -0.0021378944361133486 0.00150
0.055565201682125270 0.063908272104206850 -0.0061445116164118650 0.0078895485926496240 0.00150
0.072495350009955440 0.085769324649621050 0.0055839190318490600 -0.0082957729143072530 0.00150
0.082329509626841890 0.085832814202312260 -0.0034139374147782130 0.0093992037603180760 0.00150
0.086384965946288030 0.014629880863863978 -0.0095808475016149800 -0.0028648492370102092 0.00150
0.078413868896073780 0.023715587002212844 0.0048742631994252740 -0.0087316412124370100 0.00150
0.076701935338918820 0.0097684883731644150 -0.00020915153987003946 0.0099978125424199670 0.00150
0.065052103019644470 0.067550075356971040 0.0097640478778680000 0.0021594835120235076 0.00150
0.040348652439996780 0.017035167493786255 -0.0099849461135524070 0.00054849896030411010 0.00150
0.062966620069733940 0.070585281824182850 -0.0068625589087885660 -0.0072736019428758060 0.00150
0.048789828863983560 0.080578175814639400 -0.0080295137819367100 -0.0059604453210887210 0.00150
0.072077137202873600 0.046940364434111420 -0.0099155901685930110 -0.0012965614557365242 0.00150
0.011958708310314136 0.080433854014255480 8.0550071842780440e-05 -0.0099996755790338590 0.00150
0.034672144390402960 0.044382686638571550 0.0087778635353079940 0.0047905231191917060 0.00150
0.080163128622013100 0.061193330475581120 0.0012279421822660715 0.0099243215383728690 0.00150
0.035624221168766110 0.040595400628303710 0.0088910497113089100 -0.0045770334312777080 0.00150
0.074132116697060100 0.064237962332336600 0.0070085155944534800 0.0071330715096865800 0.00150
0.0088213677521786080 0.0062594986343626376 0.0095041471554197500 0.0031098531875518980 0.00150
0.019450134953499940 0.014564609010523753 0.0069595735044379800 -0.0071808311939722450 0.00150
0.056975101402257990 0.077567783495823520 0.0053644559575172545 0.0084393490436086150 0.00150
0.047638450158545080 0.058362421610557956 0.0091363844508546110 0.0040652772557578510 0.00150
0.074921218325862580 0.024212445316503396 -0.0027719177726226595 -0.0096081461199244170 0.00150
0.023164532560400724 0.030360659485092634 0.0047542554265822110 0.0087975596240556160 0.00150
0.073670198592350730 0.028602953536982120 0.0049515067447636965 -0.0086880711873556630 0.00150
0.086033866696052400 0.037422522501690150 0.0096833152479920170 -0.0024966789557340587 0.00150
0.017101677305778010 0.067718842065912550 -0.0069283444203313570 -0.0072109668972519456 0.00150
0.059987864037110610 0.016250480394663817 -0.0058468740633056030 0.0081125867445497460 0.00150
0.050234547737926814 0.033956597955860430 -0.0045842053669948800 -0.0088873540017946480 0.00150
0.088069305953927560 0.0075474737940402840 0.0035904294962958990 0.0093332103818637020 0.00150
0.049384489390298990 0.053065378776219990 0.00025924814849489553 0.0099966389550439380 0.00150
0.069967107177160260 0.081597931640802630 -0.0050090536549154790 0.0086550205939776880 0.00150
0.049580608060020610 0.087850562474924110 0.0058677120163875150 -0.0080975277518969680 0.00150
0.056468354120740040 0.021706770861026323 0.0050501557646370020 0.0086311022907218340 0.00150
0.073885625614501070 0.0020063970995150880 -0.0099297214881274140 -0.0011834826438189587 0.00150
0.033804028424819436 0.027063414884025340 0.0099035726916726280 0.0013853692434712785 0.00150
0.038536041826430730 0.034907731667685390 -0.0088859383185479270 -0.0045869488986647380 0.00150
0.019648946929404828 0.022874534995326400 -0.00096869632283172470 0.0099529707843503830 0.00150
0.084982161416786150 0.023918731132192450 -0.0017439728350300504 0.0098467537163614110 0.00150
0.030572884769088617 0.027314458102009862 0.0031090459798898125 -0.0095044112439924970 0.00150
0.0093667795293143380 0.041876224547871516 -0.0090297427737766520 0.0042969460596368120 0.00150
0.0027691345806748950 0.065268679741817870 0.0088999518830890910 -0.0045596991653725300 0.00150
0.040511884941402640 0.075461348619731470 0.0093577740954160940 -0.0035259132120855590 0.00150
0.070247448166509620 0.075690478898339060 -0.0051183641555838290 0.0085908293179898900 0.00150
0.074625299785648510 0.078633473908645500 0.0080766451087778900 -0.0058964229653964100 0.00150
0.076602624613989780 0.062518385012291230 -0.0090665060649649730 -0.0042188230318364090 0.00150
0.081102607178518210 0.071064045358196840 0.0062481316203648815 0.0078077430320545585 0.00150
0.031206595393412775 0.0028155948967455330 -0.0026414192560806250 -0.0096448382212252000 0.00150
0.031079581628082133 0.077889798435922770 -0.0090051278307258770 -0.0043482953846635420 0.00150
0.012810480476908989 0.041926719612647205 -0.0084291508393863590 -0.0053804661625989480 0.00150
0.050504973614859866 0.064524466300737050 -0.0044905654666782540 0.0089350333961030450 0.00150
0.037492714071875995 0.027913599482176244 -5.4040837025134416e-05 -0.0099998539783305650 0.00150
0.044467912682775870 0.046546556758134294 0.0075701030378464300 -0.0065340293844142040 0.00150
0.054900206170737310 0.038043827772055720 -0.0056043435422692064 0.0082819884967455400 0.00150
0.029658007879528676 0.064277406712455450 -0.0065821744834848000 -0.0075282786258853110 0.00150
0.051775813194351490 0.017395530071817315 -0.0021859827281802404 0.0097581493897202500 0.00150
0.085080721650586960 0.045554593009410470 -0.00023329515382574570 0.0099972782981770300 0.00150
0.088336068958959680 0.083135382543438110 -0.0016275326123748994 0.0098666680087887900 0.00150
0.011559622451106410 0.018593358199438180 -0.0025709893066827270 0.0096638508879702340 0.00150
0.060455204320085380 0.0063342541456138000 0.0098004090921376100 0.0019879591612370970 0.00150
0.057118375291643030 0.054083809275142710 -0.0093561497410715260 0.0035302212427335520 0.00150
0.0022501770003733510 0.042652972712794626 0.0097884607092310880 0.0020459806802214050 0.00150
0.042558215847008110 0.035121005590472490 -0.0099381401659828540 0.0011105719433149300 0.00150
0.038031697866531130 0.069528115359721660 0.0094209597203504090 -0.0033534337547557348 0.00150
0.021240964984252753 0.069301063686162290 -0.0099846562136014420 0.00055375111394030600 0.00150
0.078891405129469750 0.043224761478854894 -0.0018839415526517480 -0.0098209349975545670 0.00150
0.0058624607552531360 0.069078612297776720 0.0081756010858217400 0.0057584326761290170 0.00150
0.063563084147718650 0.0091434031417721160 -0.0012237196036371395 0.0099248430885165210 0.00150
0.076240454488650880 0.081441906938661640 -0.0068007371213132290 -0.0073314374175049910 0.00150
0.012704737340229161 0.077239083254372930 -0.0040225343304138200 -0.0091552835871229160 0.00150
0.012242979008462888 0.0031194846077837160 0.0084318235845500520 0.0053762766892176880 0.00150
0.036202351346647337 0.020008298542973056 -0.0068766707936585210 -0.0072602616203304880 0.00150
0.035151735951283340 0.059384505437083310 -0.0072295790604898970 0.0069089207990919990 0.00150
0.062999693112740240 0.028629515201350045 -0.0032428983839572570 0.0094595776899038900 0.00150
0.057756353856973970 0.047902425823727210 0.0078969698677463090 0.0061349708155709150 0.00150
0.023608204770403750 0.034465972865758296 0.0099817033906011020 0.00060464652654460080 0.00150
0.067632489594612710 0.050626878535118870 0.0060702790328917960 -0.0079468051733281000 0.00150
0.067079895319560340 0.063438355153242250 -0.0081917321372284720 -0.0057354620207877120 0.00150
0.018164777870489885 0.034531610924153450 -0.00078093419689047720 -0.0099694604558184100 0.00150
0.075476054089378550 0.072107176861656000 0.0085407748630853230 0.0052014579435087150 0.00150
0.067152624176651420 0.043989300994219920 -0.0071690320019347890 0.0069717272002879520 0.00150
0.077024024582986900 0.020900242473851527 0.0099752112049586760 0.00070367706831108410 0.00150
0.080661366013929440 0.011633105909230240 -0.0061584497325369210 0.0078786735490065790 0.00150
0.021810392217400866 0.0026143945459366122 0.0058963776891945060 0.0080766781628568850 0.00150
0.024250574745135742 0.065377012879785870 0.0096540503327436650 0.0026075490739105828 0.00150
0.026417981301808596 0.039072438684713340 5.3256498392894780e-05 -0.0099998581862633900 0.00150
0.013671780833649859 0.058107750540042930 -0.0035657901361732646 0.0093426516955717360 0.00150
0.043629776064311160 0.074939543812014470 -0.0076449118634826065 0.0064463417997793840 0.00150
0.035162232032098820 0.0045624483188875485 -0.0095500656039742520 -0.0029658467525797580 0.00150
0.059019411306727027 0.043948129634553230 -0.00061995621692906030 0.0099807642136807840 0.00150
0.071022202375734770 0.071654070791910700 0.0031036031112505870 0.0095061899690588800 0.00150
0.036808738613115670 0.066342298254919680 -0.0018890552945628912 -0.0098199526523341200 0.00150
0.027303803690940015 0.054049540354339750 0.0086902573593910190 -0.0049476688478060300 0.00150
0.020760699902821670 0.032950725901537750 -0.0092859639114615700 -0.0037109128573753016 0.00150
0.010344904948097356 0.083940538193339900 0.0093402212836113500 -0.0035721515047900127 0.00150
0.013635665352901630 0.061815763194195010 0.0096128813454893390 0.0027554513672977600 0.00150
0.031031357830916338 0.0076711613458486480 0.0095681292359003650 -0.0029070436744412210 0.00150
0.028297598618045046 0.0046281844880985720 -0.0062318349086444350 -0.0078207565920057000 0.00150
0.033810245268036054 0.048976745912563650 0.0096492741969740700 0.0026251680844491493 0.00150
0.0053343285021846820 0.074250602936749260 -0.0094621132436331960 -0.0032354926927225915 0.00150
0.050175168345642750 0.0020043192039227624 0.0074861344054924705 0.0066300672442217280 0.00150
0.049218785144170434 0.022269447525786308 -0.0059277663742609000 0.0080536690900596220 0.00150
0.086846334132371040 0.087430378957149200 -0.0084128816950235150 0.0054058691794695030 0.00150
0.082690012056861430 0.015518358825802082 0.0013052720160627532 0.0099144472848507040 0.00150
0.041790497304602214 0.044713257510988196 0.0022480303905445163 0.0097440422496614960 0.00150
0.079569110815685250 0.050824810394292430 -0.0097837003670194470 0.0020686244532015776 0.00150
0.068153066360201030 0.026610296870420734 -0.0071329523030855450 0.0070086369175401440 0.00150
0.061328214736689200 0.024050998233295840 0.0099927155275156430 0.00038162335639707303 0.00150
0.0072687714612890070 0.066362727494328140 -0.0082037792488158690 0.0057182170330180825 0.00150
0.019091431196549043 0.018880268052917405 0.0098978698225460870 -0.0014255430459763340 0.00150
0.045537436638783010 0.037458642437222070 0.0027896729786216740 -0.0096030060227174740 0.00150
0.0038678582450838520 0.085051043926740540 -0.0016215650471943122 -0.0098676505206516970 0.00150
0.031734508067186050 0.011419143400284406 -0.0074102900137835430 -0.0067147302188263600 0.00150
0.018655322322778087 0.075687688951919340 -0.0087091511916599240 -0.0049143346976786730 0.00150
0.0046384371056695540 0.062459415449644830 0.0050610712120356730 -0.0086247062666912760 0.00150
0.038707778759884987 0.059047384212880940 -0.0076458105960295170 -0.0064452758148618260 0.00150
0.052024566891682910 0.061548869159357790 -0.0091634253256562570 -0.0040039525847743900 0.00150
0.0093625704409612940 0.074448069760102350 -0.0092833812902524420 0.0037173689378094960 0.00150
0.010978456423896462 0.068504361508500630 -0.0099397669795863120 -0.0010959162338087748 0.00150
0.019148161151741620 0.052444543426682200 0.0099882405474935480 -0.00048482034343227346 0.00150
0.058081102554922880 0.0044749300831143975 0.0036955917111758875 0.0092920719919880130 0.00150
0.077898469110564210 0.0038261137393303495 -0.0098276741727765120 0.0018484643230913382 0.00150
0.013956556856693239 0.035102820832215750 -0.0046698010231486710 0.0088426782370614170 0.00150
0.062070003662980020 0.045527970214746180 0.0042022928950518030 0.0090741795455124820 0.00150
0.057420679311501880 0.072676640416714140 0.0035178721307148050 0.0093607999482918180 0.00150
0.036695316275085310 0.084340244236119450 -0.0041284155677107680 0.0091080285957106760 0.00150
0.079800516354304280 0.075630410756758350 0.0040333883907242860 0.0091505069853845000 0.00150
0.086295496160267120 0.065356694809674390 -0.0082875957029317220 0.0055960483794145030 0.00150
0.044132824253321275 0.054583015843628464 -0.0036548567732148530 -0.0093081696357170850 0.00150
0.021519144359503670 0.044015942861358930 0.0042085015596294040 0.0090713017049702890 0.00150
0.044077199367320935 0.026001785283979590 0.0064692780931019110 0.0076255125043574410 0.00150
0.0041556866697771856 0.019468908446837557 -0.0099982258355438180 -0.00018836173035978256 0.00150
0.080535297298054700 0.0077104994818862090 -0.0019222822444555310 0.0098135024824295550 0.00150
0.035095633243994510 0.087804523418781570 -0.00010156841497467530 0.0099994841795504400 0.00150
