0.060321045148239500 0.068947704793364430 0.0027021463389884190 -0.0096280010990179840 0.00150
0.031563694308233220 0.038953469660529510 0.0091341472251049180 -0.0040703015207854220 0.00150
0.035400019843248290 0.042765434696411720 0.0072327992539607780 0.0069055495763845190 0.00150
0.055465589866529620 0.028157903511325872 -0.0081187329763276770 -0.0058383366517433320 0.00150
0.046299908524950750 0.038479635792010780 0.0084335684076164520 -0.0053735392353693410 0.00150
0.059748016690499194 0.088352964255391700 0.0081113702098176800 0.0058485616453348830 0.00150
0.078058101942289600 0.010437833134236097 0.0019214248311765927 0.0098136703948185480 0.00150
0.018640841714154530 0.077693588067339920 -0.0099243921675567560 -0.0012273712170888325 0.00150
0.018278471465261632 0.0050213065313465630 0.0099952464194843650 -0.00030830020075404816 0.00150
0.0088780765914346260 0.033476831812156940 -0.0073278629601738424 0.0068045884840240165 0.00150
0.080716129704458000 0.028830760894102598 0.0086917215191638490 -0.0049450962612778410 0.00150
0.082107123626893220 0.042422938739699934 0.0022862075907245046 -0.0097351556151976160 0.00150
0.074288688850317250 0.046079427873175700 -0.0099982786358241480 -0.00018553792179072963 0.00150
0.0069167943875536340 0.022418673280509966 0.0093261248565624020 0.0036087941420658670 0.00150
0.048464853328857894 0.022787076984178117 -0.0053684048486705800 -0.0084368376410104160 0.00150
0.055699553797248560 0.017335041224223205 0.0093959096654652010 0.0034229930701679236 0.00150
0.088421310842929120 0.070127289156823760 0.0069957697510129190 -0.0071455724466842150 0.00150
0.087318892277129880 0.024991917615136288 -0.0061683164780782776 0.0078709511386025020 0.00150
0.081218658425778730 0.0086433180289701670 0.0047756806959826390 0.0087859475237460180 0.00150
0.070495182181353700 0.059700876028742134 0.0044303787339139260 0.0089650289611402380 0.00150
0.0079240811871373730 0.019247775469967504 0.0099924787700926300 -0.00038777316726161927 0.00150
0.084170203539609580 0.0024406247503457060 -0.0076412510685225690 -0.0064506807476267720 0.00150
0.018578323787758685 0.088395217382392000 0.0029233773605936188 -0.0095631514056595740 0.00150
0.047470742891295666 0.081953884128288250 -0.0087297125926185870 0.0048777164790787590 0.00150
0.027762264881719914 0.027148218555003660 0.0021662090614784327 -0.0097625579794421050 0.00150
0.075230853091574980 0.036196164139664290 0.0075070678721959540 0.0066063554220344000 0.00150
0.026686931571395910 0.051596799245343630 0.0035650056100929523 -0.0093429510862470950 0.00150
0.067977692045362370 0.028522764672425305 -0.00081429242073682340 0.0099667912516281060 0.00150
0.064026638974629960 0.035553987219126120 -0.0035930218598211267 0.0093322127019719990 0.00150
0.082614145931979720 0.086994514100364160 -0.0061609912024431050 -0.0078766863212532890 0.00150
0.053062935694819820 0.041045661140051240 -0.0099950774104910440 -0.00031373166606458940 0.00150
0.029229036073813980 0.0034237743161104257 -0.0088506480841927720 -0.0046546781295568460 0.00150
0.015652872639903177 0.047860118817017700 0.0094699300935256230 0.0032125416765760102 0.00150
0.0035091074653530780 0.011265867067290180 0.0038208056677479273 0.0092412901723355340 0.00150
0.0096159993095090120 0.087168457812503070 -0.0062003320088385830 0.0078457557303405580 0.00150
0.079705120911204120 0.054214018093299000 0.0091831557817360020 -0.0039584908599576990 0.00150
0.048098305495833514 0.076703898651615380 -0.0081791528775785260 -0.0057533866726649740 0.00150
0.086977711418154300 0.033176342518891500 -0.0060659502860344260 0.0079501098814644600 0.00150
0.072207988123868100 0.0025173077121053832 0.0099322437742976890 -0.0011621246094652637 0.00150
0.053232429654592000 0.053625111820439300 -0.0099882933861215420 0.00048373053734563510 0.00150
0.036931137815406925 0.037819596482752320 0.0054584533059734990 -0.0083788595588246370 0.00150
0.087028053243326960 0.085552485786884740 0.0093091351245016570 0.0036523969162413750 0.00150
0.015542745859025474 0.037730960236075646 -0.0025424734606005824 0.0096713922835412730 0.00150
0.0099213264929437010 0.065499903313880200 -0.0099631878468375060 0.00085725604613174580 0.00150
0.065493902396877840 0.068914221045230410 0.0085363956006087600 -0.0052086418719189580 0.00150
0.057419775539108826 0.056988240540085010 -0.0099870327192595650 -0.00050909474996201210 0.00150
0.054998456732559270 0.0077299753053903350 -0.0062932636263292870 -0.0077714112572634300 0.00150
0.063627966380803290 0.023407520274053364 -0.0040254384712360540 -0.0091540070523401260 0.00150
0.0086642090475650270 0.049561945502571620 -0.0045161506323812960 0.0089221288639899170 0.00150
0.0068033740047757950 0.069325551998347290 0.0098263682171483380 -0.0018553942063661258 0.00150
0.024126086215269796 0.037384387060301026 0.0036604922275266195 0.0093059549027607700 0.00150
0.056018171945075225 0.0017285171516990545 -0.0049509185748361035 0.0086884063708681840 0.00150
0.016596072832190837 0.017852804870724114 0.0062130450058079020 0.0078356921682647460 0.00150
0.032019151492154965 0.047526796324666650 0.0076509452293024430 -0.0064391798467051830 0.00150
0.043089351083552406 0.011997835922768355 -0.0081959978211713970 -0.0057293646868875210 0.00150
0.072707744493474770 0.028355678566954024 -0.0098417034592480900 -0.0017722508344543656 0.00150
0.064430227991148520 0.031535493985845550 0.0020652561017765940 0.0097844119513680810 0.00150
0.081764326141029760 0.078590342131025360 -0.0055880968703836930 -0.0082929592647744250 0.00150
0.0080881387416183800 0.074648301799174400 0.0013389579881455701 -0.0099099541626579270 0.00150
0.030184806310515917 0.015514954309040875 0.0019896602863388430 -0.0098000638745350050 0.00150
0.044815680656089580 0.070222110930094950 0.0026421211525532906 -0.0096446459662981130 0.00150
0.078119626709612460 0.030691228670906040 -0.0022971302068900890 -0.0097325840768314520 0.00150
0.063060759493818300 0.079446567172086910 0.0091077993998178490 0.0041289211778232870 0.00150
0.0052704563593462900 0.060457929906297880 -0.0058704316822313200 0.0080955563035689380 0.00150
0.080819366241051240 0.035911749406064540 -0.0022811627409666920 0.0097363389705384300 0.00150
0.013246532703196352 0.021171977511795982 0.0099997780987786650 -6.6618129563463290e-05 0.00150
0.036667864900932250 0.063430330995803340 0.0099849388178737050 -0.00054863175566025830 0.00150
0.062762954279920750 0.054539650713723760 0.0097807291292557540 -0.0020826275951614584 0.00150
0.041635607680036880 0.020120278933081326 -0.0058727753561952890 0.0080938562883007320 0.00150
0.053016963175045600 0.076242129754183080 -0.0099818658087890390 0.00060195928045705630 0.00150
0.010243943042314718 0.0044765180855994930 0.0087575108297913270 -0.0048276292386727090 0.00150
0.040919087818393870 0.033597992481772720 -0.0040509403675094850 0.0091427502502738280 0.00150
0.024293773415905460 0.070162234434562300 -0.0078653254786434980 0.0061754882491185620 0.00150
0.072551103000652780 0.074630969750460980 -0.0099450364682326060 -0.0010470194102897648 0.00150
0.023343564936020064 0.073528679093900050 0.0079997428123404750 0.0060003429015687860 0.00150
0.0054811653835905860 0.0082874045664412010 0.0078615204034823240 0.0061803314592043630 0.00150
0.019847462706250676 0.050303979933677086 0.0048681731380320870 -0.0087350380822376980 0.00150
0.0072357714544426020 0.081391322810414670 0.0061527414281394420 0.0078831321768987620 0.00150
0.042718970082379855 0.083464120710506240 0.0019103105658087403 -0.0098158399305489640 0.00150
0.046216571822466730 0.060874682166493660 -0.0050873113059471675 -0.0086092545366240700 0.00150
0.068109674664685440 0.0024688292906136283 0.0093390843082816430 0.0035751229745013824 0.00150
0.0050657785520648990 0.087572802400747800 -0.0099382760705967300 -0.0011093551030235717 0.00150
0.031266301978561670 0.042020268275985810 0.0056246993177956740 -0.0082681774040225400 0.00150
0.047692549927099495 0.0095204296092285760 0.0080846742923192300 -0.0058854092115257850 0.00150
0.084647366769919880 0.046688513963144565 -0.0097377109127580760 -0.0022752991406740962 0.00150
0.028003963726084440 0.064901300136466490 0.0072465820847310320 0.0068910846816198150 0.00150
0.035593998724480520 0.032544573531862680 -0.0021726215942829813 0.0097611328957275900 0.00150
0.066279714025492990 0.019925553057745342 -0.0038613900264965707 0.0092244060547697490 0.00150
0.024897049233762857 0.018194515302261480 -0.0029371505005076565 0.0095589302192958610 0.00150
0.018448463365783980 0.038926004166118830 -0.0019200904811197367 0.0098139315538836600 0.00150
0.069203765710730200 0.085249638996164890 0.0045016260957033780 0.0089294659691653650 0.00150
0.059804564193824460 0.082515309254730040 -0.0098071211866875700 0.0019545777113289200 0.00150
0.012975100011601820 0.044975382904886334 -0.0098945885693552480 0.0014481426183855176 0.00150
0.022794046024014507 0.023772576609516108 0.0099951478908321050 -0.00031147815396031200 0.00150
0.035002119647689920 0.014195223168353992 -0.0067057812952563530 -0.0074183891256923180 0.00150
0.072647689067162470 0.085406264337407390 -0.0053578265593058300 -0.0084435593537558000 0.00150
0.016074767228664796 0.072729579282388380 -0.0096584856506383480 0.0025910721596306660 0.00150
0.078953692328972470 0.087333920290638260 0.0067322659084571345 -0.0073943624294340510 0.00150
0.021632505602862694 0.064442962094943810 0.0032887167565582433 -0.0094437461896819870 0.00150
0.041098677647546410 0.045870807309622647 -0.0099251754927499550 0.0012210206542543370 0.00150
0.042459933412162136 0.067072298713821500 0.0096859317429728050 -0.0024865088518788354 0.00150
0.040785788190868060 0.029702434627897630 -0.0033675596285202840 -0.0094159196124627320 0.00150
0.047999313170052320 0.049021409526898260 -0.0099174414276354300 -0.0012823242684362386 0.00150
0.028564655836447145 0.070055993829454020 -0.0043918345878524220 -0.0089839740066934280 0.00150
0.083677062858328310 0.060946749981022610 0.0071147105677009730 -0.0070271540140973220 0.00150
0.066692171790149500 0.045899954572684844 -0.0089149151958528970 0.0045303738312363460 0.00150
0.0016500069531950848 0.0088187181013567070 -0.0098741229088718410 0.0015816753081755737 0.00150
0.035962210351840470 0.052750090822058046 -0.00016034195349686438 0.0099987144402642500 0.00150
0.043454726496649130 0.047923159455148340 0.0093851524363862530 -0.0034523779842006276 0.00150
0.042348317263648790 0.040058209661274526 0.0037626499681348204 -0.0092651208959891630 0.00150
0.029999658924451045 0.045271826765110566 0.0029810987162716706 0.0095453156282987000 0.00150
0.078116950369125800 0.0061272342426970244 0.0090562590272090130 0.0042407749801298410 0.00150
0.034054223054887060 0.0044035749308920030 -0.0058499937603448490 -0.0081103374161576240 0.00150
0.077995612992660780 0.061241294246178905 -0.0071632114680625150 -0.0069777074647636005 0.00150
0.079562102469175540 0.020079497339066680 0.0084525793382143020 0.0053435851758152665 0.00150
0.065875317695059930 0.084483658109843200 0.0010220953507812363 -0.0099476289181850450 0.00150
0.032480130627033910 0.058720899922037970 0.00012252559898310824 0.0099992493457055980 0.00150
0.016539891967344317 0.031328312294363640 -0.0097418581834133440 0.0022574762754594955 0.00150
0.086867414132134090 0.016071968721568495 -0.0041469182694838980 -0.0090996191605045040 0.00150
0.076171735988878940 0.070930221655217010 0.0097041123495191600 -0.0024145814353443890 0.00150
0.080416203887350230 0.064815195401390320 -0.0064301473285119550 0.0076585380676491100 0.00150
0.018416401205132892 0.084739906072511290 0.0071620962593273320 -0.0069788521385776210 0.00150
0.070384138698876730 0.026045983006025893 0.00036357828065686486 0.0099933883559999100 0.00150
0.021881268317273500 0.077082033483394320 -0.0099970874907116260 -0.00024133317852532838 0.00150
0.058864624403927390 0.031468406722604190 -0.0045912553771985080 -0.0088837139790374720 0.00150
0.083932090716507760 0.052068675043947840 -0.0061104439560794810 -0.0079159632805876350 0.00150
0.014691963175567042 0.059765849737413180 0.00065853955606558820 0.0099782927223597200 0.00150
0.023309705696793682 0.081787460498908480 0.0012459919619935281 0.0099220715594399700 0.00150
0.028234252197693852 0.059204727388985294 -0.0073483731870724150 0.0067824340397467340 0.00150
0.029617028206711020 0.073957452992974040 0.0071653368671572210 -0.0069755248963900600 0.00150
0.062119700377822580 0.058562005520733190 -0.0070996799526708570 -0.0070423394244841340 0.00150
0.031727439820237750 0.050752851531105043 -0.0021142354444180100 -0.0097739453899419030 0.00150
0.069357470402002070 0.040930369824894260 -0.0095284008942218490 0.0030347283896573460 0.00150
0.014649436808118832 0.011353317949368249 0.0070726995425086060 -0.0070694357045947150 0.00150
0.017292686532217090 0.069152593859937330 0.0095234409610430880 -0.0030502577369013757 0.00150
0.057724002006547320 0.0042775956866843070 0.0026286199482870970 -0.0096483344245246360 0.00150
0.051491366068644580 0.067854303585135080 -0.0038609159997050405 0.0092246044708280930 0.00150
0.063809378066329480 0.072453715335641570 0.0099837404469565580 0.00057002340987337360 0.00150
0.013215553373708458 0.029679793257217337 0.0092934400401847500 -0.0036921500808459683 0.00150
0.042325217530752870 0.060952276095534635 0.0021283591631112090 0.0097708795547177100 0.00150
0.028475835197866880 0.0087047818340842240 -0.0099998646763775050 -5.2023592123541794e-05 0.00150
0.0067286386684471590 0.0035777373229161167 0.0096058132279809180 -0.0027799914081066512 0.00150
0.059310628694630130 0.078569233463711740 0.0089451268136818500 0.0044704257389145830 0.00150
0.045551081590384510 0.028369712809812295 0.0039085407508395835 -0.0092045265602868650 0.00150
0.069652857294949040 0.047623864273819850 -0.0084041028192771060 -0.0054195069704742150 0.00150
0.038333359519008306 0.013494971699380810 0.00026160455538076896 0.0099965775671778800 0.00150
0.025616268181456958 0.0035027869518107090 -0.0035822831341298700 0.0093363401580559770 0.00150
0.046662693540733580 0.032894541114107150 -0.0087164635037660350 -0.0049013532812392496 0.00150
0.046603009526869650 0.057401527731677060 -0.0099971829444676700 -0.00023734610770931170 0.00150
0.037144808937455520 0.074735779680409410 -0.0043584790777451050 -0.0090002033381950970 0.00150
0.0054619327063802710 0.038983589855887710 0.0059277568662553050 -0.0080536760882570310 0.00150
0.027161086983470800 0.037672919582823684 -0.0093438228067054870 -0.0035627202187219825 0.00150
0.029325359054576180 0.080464342690492100 0.0096530455645909180 -0.0026112662307646060 0.00150
0.0097788320551428780 0.011275836522101935 -0.0057226973381666600 -0.0082006545577618500 0.00150
0.061379696028202486 0.0062220493754803310 0.0023923916233805380 -0.0097096067026619900 0.00150
0.039791765202487570 0.0045468831922279260 -0.0056534948663170590 -0.0082485147630665400 0.00150
0.012409345679535240 0.015069262799305637 0.0096704826169727190 -0.0025459312549298110 0.00150
0.048161844650098010 0.085753198059600100 0.0059968624033239935 -0.0080023522364114400 0.00150
0.052056458510590944 0.071624635243410590 -0.0074116781667295550 0.0067131979527513140 0.00150
0.0032545335453739808 0.030673306088782720 0.0069250057371014710 -0.0072141732403035435 0.00150
0.043513303147195330 0.031442156427342924 0.0040091290090824560 0.0091611617488467880 0.00150
0.020161286483264276 0.0015923895922627260 -0.0022809056609275086 0.0097363991991880060 0.00150
0.056790795870019346 0.069212011748849670 -0.0099922527600962130 -0.00039355403485366564 0.00150
0.024284805767063565 0.011214162780262925 -0.0098912575453837940 0.0014707223296353943 0.00150
0.061723089183178490 0.045485018002252040 -0.0056149535324698545 -0.0082747988995627140 0.00150
0.082978005745664180 0.075246793111169600 0.0052872835100792790 0.0084879109964727930 0.00150
0.063721021034566400 0.075606517764313650 0.0090379236944236170 0.0042797120573440650 0.00150
0.068702349597880130 0.033164415275381670 0.00080316619970943130 0.0099676940189616730 0.00150
0.0092186918494049940 0.054334204828632440 -0.0084056492941016700 -0.0054171080794615965 0.00150
0.033539626432070090 0.077455874251541340 -0.0098053565402502640 -0.0019634110926067846 0.00150
0.070962565425335380 0.054340108365403340 0.0023573105751019817 -0.0097181833102958270 0.00150
0.0047549440423512400 0.056297202349942610 -0.0055878500373833580 0.0082931255844654140 0.00150
0.035852279598456740 0.0015655081565207592 -0.0099199387337769560 -0.0012628600548404670 0.00150
0.056279224646344070 0.042759869448459310 0.0056367831937879070 -0.0082599440207685550 0.00150
0.059177649702911624 0.024393232598820133 0.0083759157915267580 0.0054629693988940365 0.00150
0.0017730952961193026 0.068290382875338020 0.0090956573656361200 -0.0041556006890640260 0.00150
0.074971188539385340 0.055095361945719984 -0.0092356811391272350 0.0038343439981787560 0.00150
0.015577816703120830 0.062915399517940840 0.0041668123207385215 -0.0090905266670166950 0.00150
0.074215599130742690 0.058167652294059700 -0.0015200889831852057 0.0098837912504867780 0.00150
0.070351867130378370 0.013041911963393996 -0.0016826126403925634 -0.0098574243442387710 0.00150
0.012773592553538764 0.078031345727897100 -0.0094389775537921210 0.0033023783458302476 0.00150
0.044213968173239010 0.025477591326867312 -0.0064161517644168950 0.0076702670446321470 0.00150
0.071844128117944810 0.044062437506704190 0.0035140414120500086 -0.0093622386721551580 0.00150
0.016369181190871710 0.027222316447919060 -0.0070952150618365150 0.0070468378175099400 0.00150
0.041527084722214516 0.055337877462714420 -0.0099512732899874980 -0.00098598169758947290 0.00150
0.073052099082202630 0.0074595073132223240 -0.0044979724346110705 0.0089313069579697560 0.00150
0.037623041792844904 0.019073725772776343 -0.0092559271770966210 0.0037852096497134964 0.00150
0.086020474575670250 0.040937797046195070 0.0082553589620231270 -0.0056434961157198000 0.00150
0.079091841970729060 0.050945678700235460 -0.0099984719059214470 -0.00017481288996962476 0.00150
0.059532004631953590 0.019266336999760096 -0.0064518842663051520 -0.0076402349056952450 0.00150
0.049189651507113630 0.034567788917731880 0.0097702231533326150 -0.0021313703418419070 0.00150
0.0037062456439162620 0.065730684862890950 -0.0018061503719711020 0.0098355386651585400 0.00150
0.011938921990776600 0.081785689330618710 -0.0090620424148320340 -0.0042284024491272346 0.00150
0.053188744704751030 0.019581551516235830 0.0076339084862770930 -0.0064593684848556650 0.00150
0.024242059770150250 0.061489645701488010 -0.0089705836265498040 0.0044191208853205820 0.00150
0.020135865681071095 0.031312811012161460 0.0099509541432149780 -0.00098919747251630430 0.00150
0.065121119033375540 0.0036930617468144498 -0.0045165260615167780 -0.0089219388215588960 0.00150
0.0096145981450650900 0.084064350329165580 -0.0052445632061494150 -0.0085143735398855850 0.00150
0.058425749061207115 0.047127478102770780 0.00039913660166699870 -0.0099920313236703650 0.00150
0.040231663626715986 0.079318667788648820 -0.0097254331699813330 -0.0023272192969780183 0.00150
0.031049472312263860 0.035304721167492930 0.0050270600016264246 -0.0086445744684193520 0.00150
0.027449332832715674 0.013307169295212414 -0.0035948813730420280 -0.0093314965527376940 0.00150
0.041887069982446720 0.076609955779174050 0.00088582658033428070 0.0099606882929631560 0.00150
0.0051723683542644390 0.043934189328101926 -0.0025870440827232507 -0.0096595653584437540 0.00150
0.076498529298458880 0.021113523440684033 -0.0088843017719266430 -0.0045901178661708810 0.00150
0.024924367642802633 0.046248082677102000 0.0099944822640972660 -0.00033215097869072150 0.00150
0.026041878736179960 0.067324088098601200 0.0078474013594098600 -0.0061982490998936370 0.00150
0.062069970947260626 0.048916505834404860 -0.0095177934789334470 -0.0030678343000188170 0.00150
0.012020197464626520 0.056295517939959830 0.0039978330698909550 -0.0091660968108179100 0.00150
0.021438483841494133 0.047169397939617270 0.0018686025865967014 -0.0098238650425056290 0.00150
0.084280272290751540 0.011054930197718627 -0.0022214875081304555 0.0097501278581985960 0.00150
0.042559733584370290 0.015269111270559846 -0.0099987828365333230 0.00015601854968763003 0.00150
0.069028942959214370 0.074964195847888780 0.0048384709181637810 -0.0087515255341045170 0.00150
0.030343372909136220 0.022348234065245963 -0.0026900005555502184 -0.0096314016119742160 0.00150
0.054219936240803190 0.059794147878057500 -0.0043139433270078990 -0.0090216347172429910 0.00150
0.043326222927842536 0.0050651347067117705 -0.0059905498040963560 -0.0080070789333339980 0.00150
0.035730600727904425 0.026158803713696630 0.00057381765270381810 -0.0099835230906451800 0.00150
0.0074755093016554450 0.025456070635722895 0.0099640725409634430 -0.00084691109239299840 0.00150
0.076669525619847060 0.064966435042738300 0.0099574844348884280 -0.00092114262139729240 0.00150
0.085468254202420270 0.022410629826187220 0.0099572650676632460 0.00092351089451789510 0.00150
0.044709977835235490 0.088202393542611650 0.0036060117752448016 0.0093272010312202370 0.00150
0.072269380125623370 0.051251561084031300 0.0018764921521686724 0.0098223610808628580 0.00150
0.022231651796912544 0.013673025386558093 0.0083090999398268560 -0.0055640684925663300 0.00150
0.037356159818629380 0.049611536117139830 -0.0090999119286879950 -0.0041462757855842075 0.00150
0.0022696575522638480 0.036209663545488230 0.0038653231409347543 -0.0092227586445788700 0.00150
0.050663350364064170 0.079449414536673500 -0.0095978803265778620 0.0028072572444807490 0.00150
0.0097727764966362800 0.027719480284200160 -0.0043387104671671210 -0.0090097498013038330 0.00150
0.056980110331486880 0.052473519180427980 0.0062407914248119870 -0.0078136113540406650 0.00150
0.066235174624257890 0.041932582331648710 0.0010559205082268162 0.0099440953273943440 0.00150
0.071474040488790440 0.064078704723262300 -0.0099764051387446550 -0.00068654242959139140 0.00150
0.066937766018140320 0.052463858656578170 -0.0034333946956664040 0.0093921137590943710 0.00150
0.080888927583561770 0.011774207282050113 0.0093372447975834370 0.0035799245229475203 0.00150
0.061134484068260790 0.062158616666589930 0.0041660996208901770 0.0090908533124684590 0.00150
0.0088332471276024280 0.043844164996865644 0.0094000809412097630 0.0034115214052831302 0.00150
0.063460436107321360 0.016743575160125035 -0.0098579106821633080 -0.0016797609896918569 0.00150
0.048356863602685450 0.040699343172115100 0.0084250482807190430 0.0053868879204558450 0.00150
0.0073543383978331940 0.013620363885897008 -0.0080041119008590710 0.0059945135481143256 0.00150
0.0051321890780621110 0.027481028355871270 -0.0098583734088596160 0.0016770431513499062 0.00150
0.077738945962436790 0.056859400176278060 0.0087399418530029020 0.0048593637861481630 0.00150
0.046036059785804640 0.0021904101326409500 -0.0061938822673630360 0.0078508485183479200 0.00150
0.037424415966756870 0.045445344822827260 -0.0098894662317346970 0.0014827196806474067 0.00150
0.055570479336293710 0.081784428736568170 0.0061642240795571770 0.0078741565578166840 0.00150
0.013929976837076996 0.0040279065239682500 0.0079463447316977880 0.0060708817650337090 0.00150
0.086629035903089420 0.076994955316515820 0.0068206755496318850 -0.0073128917021007345 0.00150
0.026723097354598758 0.023836825731114543 -0.0068780126859038210 -0.0072589903907186795 0.00150
0.051476923088000220 0.013661593633442898 -0.0081073870800638870 -0.0058540818865141580 0.00150
0.079680936108582800 0.070047738708365240 -0.0027241807767859360 0.0096217898072754620 0.00150
0.078980613871556180 0.076009328663518550 -0.0092253943832600200 0.0038590281773154323 0.00150
0.055763938166715564 0.087160030521487700 0.0083104207540665690 -0.0055620955484762810 0.00150
0.083536037890302880 0.039063755095692265 -0.0088163713069051330 0.0047192792859482130 0.00150
0.046575318014605044 0.017739468373178188 0.0074752056710595220 0.0066423866324807960 0.00150
0.084275016351375830 0.069175997991486340 0.0093212266896011180 0.0036214269288593675 0.00150
0.015287570038550006 0.084095809137686160 0.0086888198983499570 -0.0049501928017035710 0.00150
0.012533351062060228 0.040347763072510250 0.0085645489623076170 -0.0051622186191826016 0.00150
0.047674405541818680 0.072357798574516630 0.0036106064389909644 0.0093254233760573560 0.00150
0.056612029855332674 0.039685627720782110 0.0058096398273715330 0.0081392926643670000 0.00150
0.086806405945362130 0.081400367536163200 0.0057986720528783245 0.0081471100657329950 0.00150
0.061589906136891075 0.0093101644808296180 0.0049274228879719140 0.0087017529086437840 0.00150
0.060400410190679000 0.015269266210040518 -0.0035612832457155550 -0.0093443705857476400 0.00150
0.013952934820057012 0.069780243944195190 -0.0063722662051642300 -0.0077067647823533490 0.00150
0.026153039150071000 0.041729414028199070 -0.0090137560507239970 -0.0043303812601243950 0.00150
0.039020076168640170 0.0083885541279712080 -0.00022718962975917114 0.0099974189105053460 0.00150
0.016123999557298070 0.054534016077102766 0.0098924743725156660 0.0014625152269705753 0.00150
0.077349247271973000 0.040405055453575096 -0.0098504656553424300 0.0017228831570710840 0.00150
0.019787474499999680 0.055882653120030700 0.0079199224453014400 -0.0061053114957723890 0.00150
0.087442102686750900 0.0079333235485067370 -0.0032909244181536274 -0.0094429770980342960 0.00150
0.039959341943036526 0.051859802720854020 -0.0071436938328844070 0.0069976880769300740 0.00150
0.075256681726986100 0.049361528163986874 0.0014464311578208584 -0.0098948389024624860 0.00150
0.0068262166796907810 0.052233129274198960 0.0066493895643165080 0.0074689770666376210 0.00150
0.024821769147370793 0.087643942188714060 0.0072967860100879770 0.0068379027430188260 0.00150
0.076284349495672990 0.025305801099051357 0.00089997065392103120 -0.0099594203055238580 0.00150
0.087924140140742550 0.053929026171035020 -0.0078588061097097130 0.0061837825422624050 0.00150
0.025190585958244600 0.057511311925688310 0.0043231932310563710 -0.0090172057915381060 0.00150
0.075625179931190880 0.017090070430865570 -0.0080891123328437670 -0.0058793079241212470 0.00150
0.0022863391615569103 0.0016958447958747426 0.0070653142866412355 0.0070768166594156770 0.00150
0.048597562579258410 0.0040614541130212090 0.0073094707902865920 0.0068243414895466000 0.00150
0.086532913746016580 0.059471359476062910 -0.0089934721202446430 0.0043723516810044390 0.00150
0.067003404600324070 0.058348631722824700 -0.0095225806936799030 0.0030529423401621596 0.00150
0.082871990760604250 0.032494722593413740 -2.6227934687654326e-05 -0.0099999656047129500 0.00150
0.072779830827103960 0.018533704486173933 0.0081388878748536970 -0.0058102068948153200 0.00150
0.083801320531748050 0.014972502642917713 -0.0071848674108694220 0.0069554065508945290 0.00150
0.065594606340145930 0.063829170280226650 -0.0096888059086179300 0.0024752858552357780 0.00150
0.078119537463580100 0.044450904478474850 -0.0043970472210416410 -0.0089814239258555210 0.00150
0.054064822706065010 0.046997560815962270 -0.00090242195137071240 0.0099591984929352770 0.00150
0.020873145684412820 0.016576383551436553 -0.0059625894349279870 0.0080279217254832000 0.00150
0.012465375842400766 0.048669663898401330 -0.0046893041855630094 -0.0088323511170730320 0.00150
0.073194824092890880 0.011267144525178944 0.0096985620091340880 0.0024367796279066664 0.00150
0.047056654969681070 0.065494400583616900 0.0097405229945702520 0.0022632303886807850 0.00150
0.085722858181401230 0.029810532700035370 -0.0018289238380124488 -0.0098313293910208200 0.00150
0.011807729544681598 0.051774650311770820 -0.0076784470552055915 -0.0064063601850352260 0.00150
0.026486336817297965 0.030063874270337864 0.00063188613252923010 -0.0099800160278186570 0.00150
0.023844124435070690 0.028255461510421312 -0.0032943194366793146 -0.0094417932327030400 0.00150
0.055844687566308455 0.065959166880618940 -0.0062430582591105540 0.0078118002773593420 0.00150
0.052369320459792805 0.0018153162827957777 -0.0065645461551002730 -0.0075436552000709990 0.00150
0.075864716302162810 0.032968646814831165 0.0080879042246129650 0.0058809697545122410 0.00150
0.052819635620930910 0.026013880295103610 0.0036837518866028435 0.0092967721300433080 0.00150
0.0088161390923492990 0.038182799061984960 -0.0093183799520580800 -0.0036287456605667570 0.00150
0.031406432819664660 0.054849462118664450 0.0099850665235834670 -0.00054630258979138510 0.00150
0.028047640587167147 0.083978181396735130 -0.0098894281050033990 -0.0014829739566050726 0.00150
0.059735769731428550 0.038620822866635570 -0.0060835258969901160 0.0079366688642434000 0.00150
