0.085837645555641560 0.0037875279240147990 0.0076465814405881930 -0.0064443612773068680 0.00150
0.010941196108276120 0.034525136084338860 0.0060695989612340890 -0.0079473246095642830 0.00150
0.046501049719793610 0.059694312273221650 0.0099997832348390110 6.5842662709329280e-05 0.00150
0.083767857100125530 0.062318871056714700 -0.0076969182285918330 -0.0063841561527245530 0.00150
0.015596107198017616 0.051891412889978620 0.0052928443997669840 0.0084844444815117550 0.00150
0.021342231011270890 0.065257028308902770 0.0084690971736521850 -0.0053173671175908640 0.00150
0.049801730893364190 0.048731870303177720 -0.0099952004256577040 -0.00030978775142352644 0.00150
0.040740008257384020 0.051975415189516930 0.0022497527436745406 -0.0097436447283513400 0.00150
0.074189903539980330 0.023380125539780378 -0.0015959389411193254 -0.0098718275357817570 0.00150
0.016985480249542113 0.011246512017750683 0.0044241637544992700 -0.0089680976284480150 0.00150
0.080989253138539700 0.038890472831986114 -0.0034984194070208090 -0.0093680874063268740 0.00150
0.0080492882806545270 0.075252015471154200 -0.0039516621346162946 -0.0091860963621028820 0.00150
0.011657512949150151 0.011536291594184633 0.0050443740528945510 -0.0086344826373375840 0.00150
0.060744859903965250 0.047701134826565210 -0.0090871225671127970 -0.0041742308812845190 0.00150
0.043176331238185324 0.066446587763734500 -0.0099999787388022240 2.0620948171362676e-05 0.00150
0.018914422566353114 0.061142003065123850 0.0079871823925955260 -0.0060170522207649170 0.00150
0.050332430283260270 0.0019196525302784355 0.0098554426692776740 0.0016941811569548782 0.00150
0.060053706662957160 0.017268304935169300 -0.0079493743705768730 -0.0060669141345840340 0.00150
0.063465398166827000 0.051061280169241240 0.0098893569852140340 0.0014834481517728895 0.00150
0.066345374133803180 0.0048538121998032130 0.0071691911969449950 -0.0069715634962070295 0.00150
0.070564318104919100 0.083166952876407930 -0.0094079765034153440 0.0033896870226002864 0.00150
0.044219577247933364 0.023441927043766336 0.0010554594656783636 -0.0099441442727018980 0.00150
0.0028299606676009735 0.070517229018273650 -0.0075808590219679690 0.0065215470932169820 0.00150
0.021003737205329420 0.050191903952639460 0.0099446484144909400 0.0010506987732755977 0.00150
0.014112340186333700 0.045169809940080644 0.0026807766311120530 0.0096339730461572040 0.00150
0.053383362469782360 0.051032332642056700 0.0099945932258547060 0.00032879514853359820 0.00150
0.069038572412851550 0.079049984708564920 -0.0049693034703497010 -0.0086779042988252900 0.00150
0.0038956069982598544 0.0075183686161766315 -0.0040840724561537530 0.0091279982566215600 0.00150
0.074795066037751930 0.039006152935694040 -0.0075706456499597780 -0.0065334006797949490 0.00150
0.033094533266954740 0.024632465741140850 0.0075248022121613220 -0.0065861484699217090 0.00150
0.030381111492796938 0.018804836316415300 0.0069152837058857020 0.0072234930101102560 0.00150
0.062641737381668400 0.0071378858777082970 -0.0093105081150540380 -0.0036488955369416800 0.00150
0.029745971260633615 0.0077890179692805500 0.0065916025420716794 -0.0075200249951282855 0.00150
0.036121814895749310 0.066496794870130830 -0.0095131389875322800 -0.0030822372724845963 0.00150
0.046424793170464360 0.031566920222637050 0.0097052336081135880 0.0024100706653421003 0.00150
0.086795322932006910 0.069635252415817150 -0.0067991229558973755 0.0073329344079017460 0.00150
0.031544472101821056 0.057790714399101080 -0.0097766215242700830 0.0021018257708903760 0.00150
0.013672290239432176 0.030888954028411176 -0.0048030693582348500 0.0087710047736838830 0.00150
0.044151415268722520 0.048434650284213800 -0.0097769311609430760 -0.0021003849823735404 0.00150
0.012809628253067355 0.077037463931120940 -0.0083549356114931430 0.0054950023592173014 0.00150
0.065569539402182990 0.033801034718990010 -0.0085346311032050080 -0.0052115325895753250 0.00150
0.011651889902966806 0.021750117825271610 -0.0072218396614162270 -0.0069170103299616050 0.00150
0.015607547202572236 0.071535231993130220 0.00058806260425309040 0.0099826941440414300 0.00150
0.079795740746828130 0.075671326785958990 0.0070050950395201105 0.0071364307246193270 0.00150
0.087156417392094510 0.038684993358038250 -0.0036508648477213410 0.0093097360791631820 0.00150
0.072155087233188390 0.036242918525439370 0.0096869140150716000 0.0024826793720916550 0.00150
0.047135130316996980 0.072828331555524200 -0.0099522879877016830 -0.00097568632759138650 0.00150
0.057349344757422614 0.069386744455466120 -0.0043211672544084450 0.0090181768423239620 0.00150
0.083521901574677230 0.052976644346008980 -0.0059063350543969466 0.0080693993720227900 0.00150
0.021006581900764116 0.081500922206921790 0.0040088132293891060 -0.0091612999346094380 0.00150
0.033665952656310510 0.074817958877211310 0.0091007002723774480 -0.0041445451562685430 0.00150
0.070756296613165880 0.022834776007199215 -0.00054313456736590450 0.0099852393482446000 0.00150
0.047207723113471680 0.043619516245397526 0.0099725194285069840 -0.00074084832999119640 0.00150
0.025755125575057835 0.047064942460517940 0.0078130923947398130 0.0062414411181440236 0.00150
0.067503034255501230 0.058740194391891690 -0.0043836844397451040 -0.0089879536454488160 0.00150
0.0060730011518646680 0.046244162486499485 0.0097103929839159850 -0.0023891982123539347 0.00150
0.047658413745300990 0.015859651995666125 -0.0083065560313813760 0.0055678655602952270 0.00150
0.0015718047183519283 0.047774865764112830 0.0095091397814340540 0.0030945533792695067 0.00150
0.0097605044002122190 0.057032714374963460 -0.0092029567613266460 -0.0039122355308892340 0.00150
0.053389005294151010 0.063386739340522720 -0.0099987801384859200 0.00015619136410023864 0.00150
0.078690746162597410 0.044327038605836304 -0.0097457670006538680 0.0022405413562275800 0.00150
0.082637918423342380 0.022842433664534503 -0.0066017643814824260 0.0075111055811637980 0.00150
0.0031599201270502670 0.066271254223770230 0.0048275469854987740 0.0087575561718325110 0.00150
0.0081828436830076960 0.041755904851096480 0.0034721761954695460 0.0093778458330052870 0.00150
0.036195613359380624 0.026456388986982597 -0.0034168240666738640 0.0093981547815195230 0.00150
0.064875372931546370 0.086676681332988960 0.0075605738645793560 -0.0065450533105727710 0.00150
0.042434644053228214 0.080404637771737260 -0.0057781312517298700 -0.0081616909545622110 0.00150
0.077388654754980340 0.028708943176075325 0.0095174114556918770 -0.0030690192542675654 0.00150
0.086643728705625560 0.055532161777207184 -0.0098247697847508450 -0.0018638397668916870 0.00150
0.0026736655824208966 0.060969841935526875 -0.0094790827990704880 -0.0031854339246586167 0.00150
0.056849003244868440 0.086588709322101680 0.0087706937475858090 0.0048036372871043470 0.00150
0.055211608508175410 0.012394017489117800 0.0073627093301948120 -0.0067668686494613060 0.00150
0.035338580118080400 0.057694278959306060 -0.0088313088418475580 -0.0046912667947906300 0.00150
0.052390610632808046 0.0054928613851936110 -0.0044504395002673030 0.0089550872834641050 0.00150
0.010399058094828186 0.068038478655582700 -0.0096067598589122640 -0.0027767183892487240 0.00150
0.041170902375700510 0.012598267467483212 -0.0093077042297867040 -0.0036560418447838766 0.00150
0.076957442691219540 0.047053835035911096 -0.0010300043004954362 -0.0099468131148102370 0.00150
0.075619667943487690 0.083863663718623540 -0.00057820667759648450 0.0099832698570149270 0.00150
0.072705226401915930 0.064319769878900280 -0.0094546803919011600 0.0032571488585877870 0.00150
0.050409424658279570 0.014490174825005080 -0.0017728848300725447 0.0098415892710120080 0.00150
0.059755358164172480 0.039806072565488380 -0.00031022558996464740 -0.0099951868458439080 0.00150
0.012840250686270132 0.041241118277533790 -0.0097503265335379970 0.0022206153402570474 0.00150
0.077248611488805900 0.086470842926906250 -0.0041771077387626060 -0.0090858005117198970 0.00150
0.031225651587712764 0.043455833438369320 -0.0047690117219301050 0.0087895692269924840 0.00150
0.080189164173421830 0.010026906160389140 -0.0029465895109183350 -0.0095560248144375410 0.00150
0.050990065967174060 0.019848810479483170 0.0065589075159186916 -0.0075485582860321950 0.00150
0.057443396000083250 0.0020888183706148935 -0.0045566590952035710 -0.0089015087423480400 0.00150
0.0085966041735027290 0.062378690558195136 0.0078986600692194240 0.0061327945596537480 0.00150
0.053946737350509240 0.055057378062287040 0.0098354812712567640 -0.0018064628871796546 0.00150
0.020935278260951560 0.042418751863466500 -0.0080978656098132620 -0.0058672457393059395 0.00150
0.025283687647861257 0.015623547215615485 -0.0028523554224215274 -0.0095845745103359980 0.00150
0.082302349342631800 0.035157885993609160 -0.0028323039939629683 -0.0095905189685324860 0.00150
0.061320183522810975 0.021333441197294852 2.4008249205927898e-05 -0.0099999711801569740 0.00150
0.044980585359224450 0.011353150037329273 0.0010342901599179693 0.0099463683756985820 0.00150
0.078906938528651130 0.064801893339525520 -0.0086157629186642900 0.0050762810530317770 0.00150
0.013252901021696928 0.084917423898815320 -0.00095892215274408370 0.0099539172341835680 0.00150
0.087928896173066890 0.063873622498697640 -0.00092367919675152160 -0.0099572494566264860 0.00150
0.042840665061053156 0.030861450466392040 0.0053605196627353170 -0.0084418498532861900 0.00150
0.079628512243600100 0.022986457717354834 0.0084970663990354740 0.0052725575018564110 0.00150
0.043872229207531310 0.055705444910086256 -0.0033110656469941945 -0.0094359336730021000 0.00150
0.069909370031254910 0.033474990277086766 0.0074524108960890320 0.0066679510972901920 0.00150
0.070931727856476100 0.0086263552376619240 0.0066004461297228720 0.0075122640321427980 0.00150
0.020922651610282846 0.0041849822260382360 0.0097467984321875490 -0.0022360501609548773 0.00150
0.050389404337476630 0.070854529989100750 -0.0094081636181022330 -0.0033891676463429048 0.00150
0.044396323467575540 0.015541729885316638 -0.0099939322914862500 -0.00034830640704468566 0.00150
0.020933368561859615 0.012072859091368100 -0.0041981204128312820 -0.0090761106757999230 0.00150
0.070944295080708640 0.059889588038328920 -0.0095944607900073230 -0.0028189221608643350 0.00150
0.065627009417896040 0.022102187654659745 0.0071127184893845220 0.0070291703415671725 0.00150
0.055279690587277120 0.021774380600247840 -0.0053569881262325970 0.0084440913196982290 0.00150
0.070263811370528670 0.012966885421701876 -0.0012640458696298020 -0.0099197877013307010 0.00150
0.020755216332816358 0.0081131327588422340 -0.0043159853244298420 0.0090206579959172740 0.00150
0.060387950519357360 0.059392036692522220 0.0090523361554944690 -0.0042491422814407630 0.00150
0.0015159660894182307 0.077783425935729620 0.0078051130016973750 0.0062514167218906950 0.00150
0.045956796617142370 0.027286874327856765 0.0066678569128138590 0.0074524951653953080 0.00150
0.081163297066352500 0.028310520954421808 -0.0043867127613477870 0.0089864760139572230 0.00150
0.073668042797287490 0.027109660851755098 0.00016992180933782477 0.0099985562247112140 0.00150
0.0047649136119964190 0.077450193163298720 0.0080078246413087320 -0.0059895529477623510 0.00150
0.029974240297231360 0.047873732056186565 0.0095484384691308530 0.0029710810829093920 0.00150
0.026615226997951717 0.0080979279780693320 0.0076990230799434350 -0.0063816176330534180 0.00150
0.038529037396856370 0.047244298372671000 0.0099950451262792800 0.00031475851639123760 0.00150
0.070834391505510740 0.050553820612896320 -0.0049922211824359040 0.0086647404846099260 0.00150
0.026994216035364180 0.024521519968913750 0.0060994387337922700 -0.0079244461719866920 0.00150
0.069084851234943410 0.068241440919497300 -0.0099155608226817080 -0.0012967858619292842 0.00150
0.019281818003602777 0.024096678081173484 0.0091832033773129110 -0.0039583804429221756 0.00150
0.075131642268125840 0.018742734309174750 -0.0061341263591531870 0.0078976258337516900 0.00150
0.028247911092491270 0.010628313447470209 0.0082104315001506180 0.0057086613650955400 0.00150
0.085009490149309710 0.015113220521783821 0.0041037566616696210 -0.0091191656011831590 0.00150
0.061752422344929530 0.065489501284021450 0.0067368086327628540 0.0073902239103786220 0.00150
0.025223137576199442 0.085317599923124420 -0.00055936832418315520 -0.0099843430969643930 0.00150
0.022697946136545757 0.039065004563791550 -0.0026562501875326330 -0.0096407642301444570 0.00150
0.046870732036451330 0.087955856655375300 -0.0070347367176718010 0.0071072131889398240 0.00150
0.068298912846123400 0.085362965607405110 0.0050611601285724790 -0.0086246540888865910 0.00150
0.074500763336061840 0.075326383505682030 -0.0099949459866030630 -0.00031789105820602980 0.00150
0.021504594592820097 0.020898070402279558 -0.0094491058919559510 -0.0032732854813785064 0.00150
0.0045537726540837840 0.082818368247921810 -0.0077689116150126410 0.0062963491261302900 0.00150
0.086510029742330320 0.076233078219077250 -0.0097293000599032970 -0.0023109998581492164 0.00150
0.0047315342998856020 0.0016737543711457135 0.0040090684604179900 -0.0091611882460563900 0.00150
0.034666525260700990 0.085936784229539580 -0.0034046424259455655 -0.0094025746448221020 0.00150
0.024824121150348502 0.028402427994235695 0.0085448003956142840 0.0051948422689346374 0.00150
0.0084756628626388040 0.053430214178616970 0.0065192811248530760 -0.0075828077659356770 0.00150
0.073856841588545700 0.0065289723829150670 0.0029325862940776580 0.0095603314601423670 0.00150
0.031674875461045760 0.038161287334863694 -0.0096912353230715520 0.0024657570668762620 0.00150
0.027655197449687845 0.082714148109029220 -0.0087800562129120970 -0.0047865032015139920 0.00150
0.032532951059560690 0.030361064891145520 -0.0087597832645142210 -0.0048235046552000520 0.00150
0.038475989395034090 0.054187840332874000 -0.0077867986373351590 0.0062742144513552700 0.00150
0.046914109191232630 0.040594343586875190 -0.0028459132980607517 0.0095864893209099740 0.00150
0.069458318504152240 0.017237540385342663 -0.0022522653093790540 -0.0097430642498224170 0.00150
0.029874192741670597 0.071877398983866620 -0.0074623318191572460 -0.0066568463870509520 0.00150
0.057113795886822950 0.050804525423380556 -0.0099536175770991300 0.00096202761335798320 0.00150
0.054941964424612980 0.044510629623226920 0.0028014208229062555 -0.0095995854792270700 0.00150
0.057875474242595384 0.019404025695460257 -0.0033410220297411650 -0.0094253685231286430 0.00150
0.024354601872165660 0.076803029774300660 -0.0052376404937656390 -0.0085186338140611760 0.00150
0.0015986097403695650 0.043962072992919356 0.0092983176446622600 0.0036798490429584880 0.00150
0.041070291095425330 0.017060417521145910 -0.0099843178090649330 -0.00055981951340484310 0.00150
0.065419586144940830 0.077376741529086080 -0.0066091067359958040 -0.0075046457712682800 0.00150
0.058430490069167215 0.081270850780600350 -0.0022854231389182267 -0.0097353398028059180 0.00150
0.064151144826299620 0.072957776531892250 -0.0099847947636545320 -0.00055124724733736990 0.00150
0.067425609193082500 0.037641105993139384 -0.0090071281282346780 0.0043441504211483820 0.00150
0.062263749335073844 0.029476298935860453 -0.0078285263371769380 -0.0062220716315490180 0.00150
0.070122023809323110 0.0021347838010525110 -0.0056328952389100580 0.0082625959133594570 0.00150
0.029070390561239768 0.051998384604582566 0.0098377016918124880 0.0017943314696314328 0.00150
0.0016164400649278836 0.026925145271231982 0.0083169877333259480 0.0055522711608589250 0.00150
0.068660651553158180 0.026286063657894328 0.0099999595694501040 2.8436057449763866e-05 0.00150
0.085552376443156680 0.084061102319404710 0.0099938429303069140 0.00035086106132560714 0.00150
0.083642306251699950 0.048341093327898030 -0.0096235029980688900 0.0027181225222861260 0.00150
0.026481542097343512 0.054196550791269955 -0.0066863182202301600 -0.0074359363000107930 0.00150
0.0071605047931219740 0.0077753067759191805 0.0014982623808162782 -0.0098871234359762460 0.00150
0.087908151190285180 0.031020274415979324 -0.0081988753647082960 0.0057252460867616330 0.00150
0.060542245607588910 0.0017322418475510185 -0.0027302919779460207 -0.0096200574694314380 0.00150
0.040615026404720890 0.085389626503334040 -0.0072727058913124570 0.0068635085064760490 0.00150
0.022966223728580867 0.033725491237821300 0.0063469938687340565 -0.0077275913990228744 0.00150
0.052144492924669120 0.011747038653495597 0.0028407593756903880 -0.0095880178436122640 0.00150
0.087145049730979830 0.087089648584549330 0.0021247217524226047 0.0097716711710322220 0.00150
0.077010988438319590 0.014113343618393918 0.0013288601084347237 -0.0099113132738407000 0.00150
0.0063130163115094895 0.086680878727312100 0.0094605059619650550 0.0032401893376195840 0.00150
0.073549395105700400 0.081248287951465260 0.0063343899405008735 -0.0077379263424822900 0.00150
0.0079712837641143600 0.079848551858691070 -0.0086858035494334180 -0.0049554834981714800 0.00150
0.025050507977414090 0.080564734975785490 0.0089868899862287720 0.0043858646097914410 0.00150
0.0066408371979345925 0.020532454667202000 0.0091636384460739870 -0.0040034648030967780 0.00150
0.010547898176979365 0.0056372711258289850 0.0096807755777032420 0.0025065083710501474 0.00150
0.025798930853408500 0.043982976749428000 0.0080936235317056690 0.0058730961278545630 0.00150
0.087312210839658290 0.020883204503719400 -0.0084702948727828470 0.0053154590364434750 0.00150
0.030904425711163475 0.076843837436819200 -0.0062044255338775320 -0.0078425189699846110 0.00150
0.040997916397995960 0.0067305176009262570 -0.0026666591215303067 0.0096378902841627750 0.00150
0.018085392605005687 0.064035413391110020 -0.00057703133065028360 0.0099833378608283100 0.00150
0.051912796421273895 0.087488434667759960 0.0045964136768907360 -0.0088810461833554160 0.00150
0.035112939063982180 0.037235311588621130 -0.0052340883334778725 0.0085208168221920390 0.00150
0.076314576503975340 0.056815498962601090 -0.0043815356029127870 0.0089890013772614180 0.00150
0.0049187441838738490 0.015983915792746520 0.0091619847208484700 -0.0040072479303056860 0.00150
0.064983544607004700 0.080904106484680270 -0.0011256288074746857 0.0099364460340598190 0.00150
0.028740951810633120 0.040244478377179160 0.0054829829760231130 0.0083628283304538020 0.00150
0.0079831963502242850 0.0033627681214460636 -0.0089402670037260820 0.0044801368173401440 0.00150
0.062505630695705000 0.038261231820739997 0.0095455971173937260 -0.0029801972539421936 0.00150
0.057268859814801176 0.047772762612327320 0.0092848041109731380 -0.0037138137568887770 0.00150
0.036747850723761560 0.023055297466223610 -0.0087510828660142380 0.0048392715022151860 0.00150
0.068250240426568000 0.055132454705301900 0.0099941146959137940 0.00034303271698184340 0.00150
0.044869854707450800 0.082249859644553520 0.0096045926801716730 -0.0027842053530572662 0.00150
0.031752158492937720 0.067034996982480580 0.0082481042247103480 0.0056540937999219040 0.00150
0.021961990297963430 0.029937213575471250 -0.0096384746781724120 -0.0026645460923446690 0.00150
0.039534277246898520 0.077302607427822870 -0.00079738380535551550 -0.0099681582585228240 0.00150
0.047583682786662015 0.066843933447983660 -0.0027871190382773438 -0.0096037475740708630 0.00150
0.038555981899990606 0.042638787303283760 0.0020420757950248680 -0.0097892760941437110 0.00150
0.015691888264088940 0.019056245271660943 0.0015145566495471702 -0.0098846405172526350 0.00150
0.0075673467543770740 0.025748381944185494 0.0099999195870597650 4.0103021562923456e-05 0.00150
0.016049548498839120 0.023978361749492208 -0.0096541273717244070 0.0026072638321661280 0.00150
0.082516475390880740 0.0024042206341153166 -0.00028626751390009407 -0.0099959017057234740 0.00150
0.064396849146215000 0.054184945223320735 -0.0083799218134646400 0.0054568223720604546 0.00150
0.010126032660036356 0.045375110871717180 -0.0091330001535719800 0.0040728746844034090 0.00150
0.018884760528338974 0.055057319355380300 -0.0036124875731441608 0.0093246948225600940 0.00150
0.037753239827527660 0.083255132441921120 -0.0056834766940484350 -0.0082278850665409940 0.00150
0.042098816031319070 0.026164318979993502 0.0052652858934699490 -0.0085015742342242920 0.00150
0.073697034635246970 0.051897761587728410 -0.0018264615773585410 0.0098317871267859010 0.00150
0.049570875559711880 0.025091358859861565 0.0053437558563078430 -0.0084524714343306500 0.00150
0.070885523322413590 0.0050980041186233310 0.0099910858543320830 0.00042214150632856950 0.00150
0.023187147273953410 0.023952370661931260 0.0022150420487811293 0.0097515941631166910 0.00150
0.073037306609275600 0.044982714358485346 -0.0078204754446685840 -0.0062321877233709605 0.00150
0.014602956794766881 0.035248060386518410 -0.0086768753631228430 -0.0049710998715406880 0.00150
0.0025124021099229873 0.011594113482120279 -0.0099170601993203380 -0.0012852692336847021 0.00150
0.079315161602618840 0.084286813733873190 0.0060940761108775180 -0.0079285708898156390 0.00150
0.063873611791578060 0.040932766860384860 -0.0090956396772761770 -0.0041556394046114390 0.00150
0.031860334699450245 0.088418334361757440 0.0010983287758713851 0.0099395006866589070 0.00150
0.027476716800086023 0.020844001513063815 -0.0065437319221479750 0.0075617175648830985 0.00150
0.054626782862875230 0.076191872275774720 0.0099608058646982170 0.00088450354764330610 0.00150
0.018601820301691923 0.068640708411209230 0.0097434261194150590 0.0022506993258763830 0.00150
0.054759482454401080 0.072057373849111280 0.0092271119970354100 -0.0038549194795955495 0.00150
0.056718337606676654 0.034636951445463124 0.0082753954182137800 0.0056140743379658230 0.00150
0.038903333515278520 0.033419364220942493 0.0099922261026470960 -0.00039423027988477787 0.00150
0.032818905903903524 0.071166027963627780 0.0099132265380050870 0.0013145111662483863 0.00150
0.046748083118313090 0.056602784796778850 0.0045938934194236030 -0.0088823500972983780 0.00150
0.027901532659822037 0.069037467703976920 -0.0055195798964300340 0.0083387191922336260 0.00150
0.018522432234975877 0.0021998278772876207 0.0099993892516771830 -0.00011051965183996208 0.00150
0.029318317674995806 0.014827321419564140 0.0041639617226806410 0.0090918327509941850 0.00150
0.024087825999133230 0.019213079025164292 0.0088935034548757630 0.0045722638045188170 0.00150
0.021006366404411690 0.058794065030675240 0.0093811314225875470 -0.0034632893659266397 0.00150
0.014362498038832171 0.0065979368690709180 0.0045276703088786095 -0.0089162885537705130 0.00150
0.032385484337565420 0.015277819487488293 0.0085851151472801420 -0.0051279428534199820 0.00150
0.042972008316378670 0.044780563947894460 -0.0078217395603171060 -0.0062306011147055754 0.00150
0.070119205101285300 0.030419984962501540 0.0058436737173815100 -0.0081148923273685270 0.00150
0.085480861702797150 0.043414274908055900 0.0033244930845565896 -0.0094312112546976400 0.00150
0.079571984906604500 0.051782774539098825 0.0099973443423081520 -0.00023044761079076825 0.00150
0.029217461228564180 0.062235721876921780 0.0099375940894395140 -0.0011154477636970972 0.00150
0.039758769294966650 0.062101251140062570 -0.0041354515637154680 0.0091048360976001810 0.00150
0.056087068436955254 0.0052936579886772100 0.0087249399901507400 0.0048862482712474210 0.00150
0.015700090646824923 0.081730737281362600 -0.0029092140757408314 0.0095674695432758730 0.00150
0.034828968567921110 0.034012894777015830 -0.0076097433677981470 -0.0064878198091694950 0.00150
0.079713168392197960 0.016352310523518140 -0.0099798185862646740 -0.00063499683876865490 0.00150
0.083028049625573210 0.011665381034524922 -0.0085745640622007240 0.0051455661635252375 0.00150
0.080083187612399260 0.031454393836699450 -0.0028616904768129660 -0.0095817914616692630 0.00150
0.051261737503235906 0.028730297057751990 -0.00055940100414573920 0.0099843412660305610 0.00150
0.063218999805104520 0.026073106283190830 0.0027641144570110287 0.0096103939184896390 0.00150
0.032351373047101390 0.050317848560363030 -0.0020698904446747330 0.0097834326055349430 0.00150
0.066190420949071000 0.049444456344802504 -0.0064830113908773196 0.0076138402469289390 0.00150
0.050487409223859450 0.059772785076231330 -0.0095119402663677920 -0.0030859346021993100 0.00150
0.011331008555917774 0.087778475585969780 0.0087754357322950280 0.0047949689997287400 0.00150
0.017135401624962375 0.078160037792258290 0.0070483944061970840 -0.0070936687471779840 0.00150
0.031969537479182000 0.0032439484431645120 0.0082215597177247270 -0.0056926229286582920 0.00150
0.053591691010860100 0.068511050150465170 -0.0098263257365497170 -0.0018556191740819728 0.00150
0.065880565665921960 0.016615756454705873 -0.0099594758237533440 -0.00089935605633844320 0.00150
0.010463977380641993 0.083243206867264980 -0.0092952757871102330 -0.0036875260055438588 0.00150
0.021970807824809600 0.045793299609337190 -0.0086236641661004280 0.0050628466647050870 0.00150
0.043942798789673830 0.0017684498809656694 -0.0093926321067768000 -0.0034319764140718677 0.00150
0.075161096277195800 0.0097026910215318240 -0.0031328063827433380 0.0094966059288696720 0.00150
0.014464140201446350 0.013529934954470605 0.0079112164496696470 -0.0061165884516187920 0.00150
0.039731424918493490 0.038382000773242800 0.0013014968699282846 -0.0099149435650217840 0.00150
0.028128087279743380 0.059038485330257066 -0.0087393477552202160 -0.0048604321632265760 0.00150
0.028958497163228954 0.033568669638011830 -0.0098418082005976050 0.0017716690838443106 0.00150
0.059162241774734360 0.062523463140191780 0.0099577289644838600 0.00091849543813738860 0.00150
0.034028736282267230 0.020834932225762846 0.0096833131717227000 -0.0024966870084857863 0.00150
0.051604008355801260 0.081402021064083560 -0.0082912179638424660 0.0055906801622035230 0.00150
0.086126231872096670 0.024256984888620207 -0.0079619791499566260 -0.0060503626350538660 0.00150
0.084109252383651720 0.037558909250727496 0.0086928816114795820 -0.0049430566746498220 0.00150
0.018815620950641022 0.029235593023481155 -0.0029751413887310393 -0.0095471741220666730 0.00150
0.062009196955790540 0.078782029196200880 -0.0037667012844367020 -0.0092634745875304750 0.00150
0.042847523951766914 0.041562330879699360 -0.0072971311469420250 -0.0068375344258240180 0.00150
0.0035645070093256103 0.036419582510899060 -0.0031048450249792110 0.0095057844163888880 0.00150
0.0049383324631299870 0.040461475286040670 -0.0088613589163328650 0.0046342548652321690 0.00150
0.073639969532376780 0.070242050210845770 0.0043511666491312800 -0.0090037408220965400 0.00150
0.086441680475588300 0.072961876692809980 0.0032456623175271967 -0.0094586297168556080 0.00150
0.043454868397465034 0.033974002480405795 0.0099595158803551260 0.00089891235888381120 0.00150
0.015938230705383465 0.041073195577548240 0.0034386635396962697 0.0093901859971335780 0.00150
0.0023800626690063872 0.023501022932629310 -0.0033758053125454410 0.0094129665085875020 0.00150
0.048053366647832610 0.084233198013082100 -0.0068548587376355160 0.0072808592684560260 0.00150
0.043468280822471804 0.069464037399983250 -0.0062211581685514930 -0.0078292522658211130 0.00150
0.077225000276537240 0.036706499456392870 -0.0091835463485458370 0.0039575846755452290 0.00150
0.023604423902287782 0.071043119072605850 -0.0086986087053992670 -0.0049329713753834110 0.00150
0.0080281665976542020 0.035812056508795950 0.00010053567270334185 0.0099994946161550620 0.00150
0.038843490652504790 0.071203654660666480 -9.0555314753803400e-05 0.0099995899783426050 0.00150
0.023051462058550957 0.074001116505296480 0.0080427027370571200 0.0059426368459913410 0.00150
0.046106412734829470 0.051057019607647180 -0.0098678804293794100 -0.0016201653716429160 0.00150
0.058895843039870420 0.014065521425853383 -0.0033297712868898426 -0.0094293490325156570 0.00150
0.0096080764920651860 0.013858443375856979 0.0099455205208745180 -0.0010424114201522610 0.00150
0.086808783058403250 0.012206934773284899 0.0068420438495480490 -0.0072929031229587660 0.00150
0.054077773775608340 0.079449098871812660 0.0087276513048896630 -0.0048814037632895890 0.00150
0.013970315632407661 0.026712588443628740 0.0077955160905294940 -0.0062633799886559465 0.00150
0.0019875533382045870 0.0041945225109331430 -0.0045289500831899145 0.0089156385718564250 0.00150
0.080367544529086450 0.067574698297725370 -0.0058900444843588220 0.0080812979138424440 0.00150
0.084213433237541320 0.058230160773156810 5.4107267844953380e-05 -0.0099998536191069500 0.00150
0.079102728032503980 0.071948202159698910 -0.0092599982209484540 0.0037752394557208535 0.00150
0.058191230796893880 0.075839529539318010 0.0099210891083419700 -0.0012537906142328300 0.00150
0.019521162727832133 0.071854085219126350 -7.9844828712068320e-05 0.0099996812350858430 0.00150
