0.044325967745035100 0.053510140629604710 -0.0053549367328261930 -0.0084453923880083120 0.00150
0.084414627449599020 0.063817712595675620 -0.0079561541706526530 -0.0060580203707817280 0.00150
0.031879822220889524 0.088070056653515280 -0.0088994355340087250 0.0045607068724072640 0.00150
0.088160049502981720 0.058970031349004100 -0.0046688048667526780 -0.0088432042335449040 0.00150
0.031995947868436736 0.074529049532274300 0.0097532505898774490 0.0022077370611228186 0.00150
0.022210776397348506 0.011713709458929354 0.0097887818310010940 -0.0020444437544385645 0.00150
0.032162969588799020 0.021674451849563455 -0.0086167456821792230 0.0050746126796678490 0.00150
0.053787115636973165 0.079797545919265430 -0.0099077696081338370 -0.0013550281886881524 0.00150
0.018753047726587906 0.055459114228506520 -0.0041528987956124756 0.0090968913148064200 0.00150
0.034122817349973920 0.035365352975426374 -0.0068176931667455936 -0.0073156722099961830 0.00150
0.0033653343240211556 0.042987761589928700 0.0074400888833985990 -0.0066816971951090830 0.00150
0.051153991449751204 0.050029797026151280 -0.0054465228472564300 -0.0083866196333393900 0.00150
0.043371685271304965 0.086203137735754300 -0.0053114152640454870 0.0084728311615931900 0.00150
0.022985131806074657 0.066293029708363620 0.0055275716424399040 0.0083334237704375880 0.00150
0.017609516895411525 0.033863848177992670 -0.0043968781206454160 -0.0089815067105797810 0.00150
0.049655284636263860 0.015827713074067135 -0.00068138326562565170 0.0099767588346779900 0.00150
0.049599782479468120 0.011621680533667446 -0.0023220675138934650 0.0097266645085003630 0.00150
0.062686898633793360 0.079257539957987040 -0.0077060969454153060 0.0063730738162884075 0.00150
0.073237330438141300 0.019057567228272832 -0.0016219957546070726 -0.0098675797322360980 0.00150
0.071058165781477440 0.042472041564515990 -0.0092599053977324190 0.0037754671267335935 0.00150
0.063748280516553760 0.031725683202771500 0.0065291501702593330 0.0075743117214835120 0.00150
0.058668727387127710 0.060719238912769896 0.0095115969115825220 -0.0030869927423908573 0.00150
0.033287099579363050 0.048996849362894610 0.0092588119661920710 -0.0037781478232989407 0.00150
0.0033471597290369000 0.051286189411662186 0.0031401073052815358 0.0094941943371366440 0.00150
0.014170740998456732 0.059541618556710940 -0.0092321337805409720 -0.0038428772889846814 0.00150
0.016176992288886920 0.076039441149846400 0.0097086109186055710 -0.0023964294337895040 0.00150
0.040881016836059110 0.082612968544088560 0.0095845904206915930 0.0028523019593982290 0.00150
0.017294866796278830 0.051164361006392980 0.0022560224908063740 0.0097421949539606230 0.00150
0.072853068149305940 0.031935461569409760 -0.0098427099979634690 0.0017666521717616010 0.00150
0.050747345921224210 0.064205871317338040 -0.0099956421234272380 -0.00029519237857204714 0.00150
0.087555817228250980 0.064506284270022830 -0.0097482141090893070 0.0022298703288200807 0.00150
0.040081729391669920 0.057885611264418116 4.6672538946518840e-05 0.0099998910831122710 0.00150
0.047152183750551500 0.073326681835769900 0.0076254911859241860 -0.0064693032216300200 0.00150
0.012877428339468720 0.046529242269197950 -0.0073575343329723570 -0.0067724950010415680 0.00150
0.058155339162958740 0.070206288024534690 -0.0073685850822943160 -0.0067604699455725470 0.00150
0.053458429025378510 0.0029643137360030100 -0.0016259037681142805 -0.0098669365527924520 0.00150
0.0075960987417486650 0.077965424669567130 0.0055479529127214750 0.0083198688978988920 0.00150
0.056323973095190440 0.0097220318457554790 -0.0080124691097967320 0.0059833384297190790 0.00150
0.039157587121012125 0.086401439920656500 0.0014927623854229606 0.0098879553225460300 0.00150
0.0053449552019299800 0.065513579627615230 -0.0099777557049737300 -0.00066662665103054240 0.00150
0.0069527948517657220 0.050019167914866570 -0.0076152933491579830 0.0064813044370921336 0.00150
0.034627159709068870 0.065887266277637290 0.0072011394264408730 0.0069385582768294750 0.00150
0.030053482822178660 0.067771125527557240 0.0081993468240453730 0.0057245708711672920 0.00150
0.079137912739039750 0.025912612463707817 -7.0936206197087430e-05 0.0099997483995673800 0.00150
0.062193800105840760 0.049276697178567270 0.0097812651771436360 0.0020801085390905160 0.00150
0.025119372390863930 0.063158247115991270 -0.0062148164752168740 -0.0078342872157824880 0.00150
0.031451733896749434 0.063422673565922560 0.0079738035509757980 -0.0060347706609651510 0.00150
0.046471638847274434 0.0039387970528794480 -0.0093059187097195380 0.0036605842386280177 0.00150
0.072927861638034360 0.062396368325705345 -0.0080046297547355200 -0.0059938220268542150 0.00150
0.065128914558517520 0.045572047075449650 0.0020364690761843283 -0.0097904439992139770 0.00150
0.0091850837172872730 0.0032448555449423374 -0.0085271977117520860 0.0052236863597166700 0.00150
0.052899618736111535 0.010883353303810971 -0.0083347729694371800 -0.0055255370370615880 0.00150
0.028267318043376576 0.052663743494532546 0.0098344641263584180 -0.0018119920936277190 0.00150
0.076230284583200460 0.0033217063003552040 0.0093701333244155370 -0.0034929359402481796 0.00150
0.0080859502636948570 0.024153961488457690 -0.0037843573303244864 0.0092562756871443340 0.00150
0.074059069485036090 0.043804281660690330 0.0087449830284748440 -0.0048502857474263280 0.00150
0.016335195684393268 0.064597293361644850 -0.0076347920414158470 0.0064583241235117070 0.00150
0.075464939960961940 0.012070402567063184 -0.0042519831341210260 -0.0090510021228121660 0.00150
0.026388773781924370 0.057864390216084540 -0.0099948545515870960 -0.00032075300874461840 0.00150
0.025476394014783840 0.048508743175437165 0.0014344868911284213 0.0098965775578823570 0.00150
0.029938707039185924 0.058325350746736860 -0.0098275846195346040 0.0018489403846222040 0.00150
0.080463445936394080 0.032373582467851520 -0.00093284605971661820 -0.0099563948409487640 0.00150
0.087844211693382840 0.038660084224702460 -0.0023737501022076240 -0.0097141808945617900 0.00150
0.049701952918770186 0.060901286350306595 0.0064819185539090790 0.0076147706374183880 0.00150
0.010001807927538874 0.027893333590156650 -0.0090680865956185660 -0.0042154247110300636 0.00150
0.078243632649244600 0.063442204328628240 -0.0097697136956945620 0.0021337043619391394 0.00150
0.068401517808498940 0.040716465502934470 0.0087509988913398540 -0.0048394233544678310 0.00150
0.081173366618260940 0.022577304763479610 0.0081227322684611880 -0.0058327712534351440 0.00150
0.035531373506766000 0.0090097890772176100 0.0049601903764611920 -0.0086831164583496040 0.00150
0.061467861192998200 0.083810468010366320 0.0089173562897053930 -0.0045255670144692010 0.00150
0.059057762204158590 0.073796713002338820 -0.0047520095754302000 0.0087987729255288600 0.00150
0.082384769790398310 0.045597694902798000 -0.0099999620459087000 -2.7551413493784207e-05 0.00150
0.028721587886915388 0.0038071285409772000 -0.0090402174069069260 0.0042748648207700100 0.00150
0.088392337585896890 0.048742858785792560 -0.0097750073733107870 0.0021093199974683177 0.00150
0.074007041566424710 0.048531145160626385 -0.0090778904674764380 -0.0041942704562892025 0.00150
0.078418580845246470 0.0066739450828875270 0.0072323811176282690 -0.0069059875013913890 0.00150
0.042775682087009820 0.014287500046789180 0.0075932497583013035 0.0065071159593215475 0.00150
0.014212555337912509 0.0015630593875979408 0.0089873457316069270 0.0043849306380565190 0.00150
0.087497412012141130 0.055657822422137410 0.0098608263522366560 -0.0016625593676723633 0.00150
0.029865467657587550 0.047837601353584995 -0.0051365572356648770 0.0085799638556778790 0.00150
0.063468753614411290 0.055557264259518900 0.0058694738527575710 0.0080962507799471720 0.00150
0.040330021488405025 0.068967769013370250 0.0094300256771374520 -0.0033278545233420770 0.00150
0.068375297516369160 0.082816548116566290 -0.0026135670245433520 0.0096524228776105540 0.00150
0.057252544585886564 0.025877880048602060 0.0098859667662447840 0.0015058755249699896 0.00150
0.068111571636311140 0.036743531634910610 -0.0099730901846926300 0.00073312493341008310 0.00150
0.0042492646223049600 0.062451404956292790 -0.0098349892636489260 -0.0018091396253220400 0.00150
0.017676295400516650 0.029189517895991803 -0.0090652272349167800 -0.0042215702267430140 0.00150
0.024506013085271817 0.0056050556324752450 0.0090525374356165930 -0.0042487134495939080 0.00150
0.082686069170854150 0.080262590822882730 -0.0086003250418630300 -0.0051023924951245860 0.00150
0.038505937915623530 0.015029896856300710 -0.0085482693811034910 0.0051891319686522270 0.00150
0.049523021477891956 0.046243741031626140 -0.0018681193765745089 0.0098239569418267950 0.00150
0.070533746726301120 0.085993212654276410 0.0032676563696634540 -0.0094510540073474270 0.00150
0.043802420936722840 0.029319070836252566 -0.0074975546885652100 -0.0066171499674689130 0.00150
0.014628969505598420 0.037000126747425920 -0.0034686277479173424 0.0093791588933324860 0.00150
0.052504045969929800 0.055060688089376130 -0.0088935149827258050 -0.0045722413816455070 0.00150
0.083231394827225320 0.0028713318510410750 0.0088950979589719600 -0.0045691610061687340 0.00150
0.011280376057934072 0.086468611388689730 0.0085391322247928800 -0.0052041541913651830 0.00150
0.0017009958487364597 0.016125319502947957 0.0035921710904782950 0.0093325402145788800 0.00150
0.049198802500418400 0.021200378894995620 0.0099993722542971710 -0.00011204695440706620 0.00150
0.056675931511490290 0.040719240977981400 0.0064460657118855860 -0.0076451446577584774 0.00150
0.068399972681929900 0.022768175734476930 0.0050022226777769140 -0.0086589703938709920 0.00150
0.0053959377631950630 0.033924251579602160 -0.0097938365204486250 0.0020200906441857447 0.00150
0.046166991858673780 0.012149681683201508 0.0011138659518601895 -0.0099377715128335800 0.00150
0.077476268588145160 0.019575535563039183 -0.0050175308626168790 0.0086501089035160190 0.00150
0.016345968268440660 0.084267340535284060 0.0071642288673868670 0.0069766628652745360 0.00150
0.066737137882235700 0.068172677146748730 0.0021079963823198555 0.0097752928985338550 0.00150
0.0053749104689831670 0.018687767689027003 0.0077778579627020450 0.0062852943854709300 0.00150
0.046674418699844296 0.038488465775699500 0.00047431156521940805 -0.0099887450933087240 0.00150
0.072678366478655660 0.079298143300943010 0.0020001827455918665 -0.0097979216665697310 0.00150
0.027100151730192576 0.081270985680338690 -0.0054512678974703400 -0.0083835361459237060 0.00150
0.060845933442738684 0.023983942631673540 -0.0097527125470039530 -0.0022101126612712970 0.00150
0.031418422738869180 0.0015087086256857400 -0.0087556163544075080 0.0048310642983127220 0.00150
0.0047324007927192700 0.082743311081226510 0.0088436474427975990 -0.0046679652855928030 0.00150
0.061850255434946860 0.014165027755521656 -0.0062939466024137750 -0.0077708581357507816 0.00150
0.054196293012344035 0.083018617057803060 0.0040637713868801140 -0.0091370543456397640 0.00150
0.016074832735253734 0.0047629608476066710 -0.0061136610546966200 0.0079134789131131080 0.00150
0.041112690350526950 0.031095498327027935 0.0048235388245157680 -0.0087597644493667200 0.00150
0.049336515407490680 0.052644975252952114 0.0012302294427533804 0.0099240382666625540 0.00150
0.026227822650994680 0.025194493165020750 0.0039117054101155966 -0.0092031821010166020 0.00150
0.074063286083987920 0.068078377057846640 -0.0085905512468424420 -0.0051188308504358440 0.00150
0.064767832953290290 0.0055919325261754010 -0.0063826464629564340 -0.0076981701805630240 0.00150
0.037262820730002026 0.027241531541168623 -0.0092068192321437360 0.0039031371519110400 0.00150
0.082105709672986180 0.058110768305743510 -0.00044862859438955450 0.0099899315505310670 0.00150
0.067514526796020130 0.032112060153234485 0.0099992868882914500 -0.00011942246707669532 0.00150
0.0086442375201337400 0.031348888218687650 0.0023278005352428814 -0.0097252940658945100 0.00150
0.062445977372445410 0.028541104999252180 -0.00066827594169822870 -0.0099776453768285100 0.00150
0.087233125555616690 0.0085472934015730520 -0.0083145216043306360 0.0055559635070003030 0.00150
0.082785425891345220 0.067977379577892100 -0.0090084596947460470 -0.0043413884792927660 0.00150
0.011995852746776450 0.053368748143804010 -0.0090041873006793270 -0.0043502426431505100 0.00150
0.043509223695752270 0.0072112861045561040 -0.0056042660645339840 -0.0082820409246702460 0.00150
0.074909936543612850 0.037317616564433546 0.0065568421558118030 0.0075503523721591450 0.00150
0.021106654823310252 0.073164579158491230 0.0099627539877142220 0.00086228358460796130 0.00150
0.085333410558744290 0.044677093773162306 -0.00032531672948106125 -0.0099947070505102720 0.00150
0.0098920154349469830 0.041626137717542054 -0.0096509833486454720 0.0026188776993528850 0.00150
0.010701674665959330 0.037165403672414730 0.0063221466368325390 -0.0077479327502493870 0.00150
0.057495786271096550 0.087443377257752320 0.0052281426552415860 -0.0085244662223768280 0.00150
0.082498134085523950 0.0066049997335753260 0.0041715148619528250 -0.0090883696973938460 0.00150
0.077025882447817940 0.052955972437519720 -0.0014966570960392830 0.0098873665622791220 0.00150
0.054402537896290030 0.047783478028622230 -0.0094463130646140380 0.0032813365394762750 0.00150
0.040068374280839120 0.045030077105981880 -0.0039278261461643710 -0.0091963134877790870 0.00150
0.073098702080449950 0.052854529145401860 0.00034763516392097210 -0.0099939556629397570 0.00150
0.015855229496007962 0.047267542793448210 -0.0098197010566955930 0.0018903627051789483 0.00150
0.085628985308725580 0.083055287215767120 -0.0091524449746127490 -0.0040289888293076500 0.00150
0.053464156196449175 0.020273750960510690 0.0037152492576289790 -0.0092842297986255890 0.00150
0.031110933655515610 0.0069362506244156580 0.0092444625226424830 0.0038131237414301923 0.00150
0.043539485881198540 0.021623925574294496 -0.0055219214452035850 0.0083371687971997270 0.00150
0.047925030180779905 0.031979096024322060 -0.0068024354618840620 -0.0073298616485512300 0.00150
0.017639236258967350 0.020503898985205167 -0.0046493398498172910 0.0088534535047573910 0.00150
0.031844370936314840 0.030833641633082023 0.0095754301459684920 -0.0028829043549306050 0.00150
0.026245759503030347 0.040513305447784840 0.0096039086987808750 0.0027865637809820587 0.00150
0.043731510293021476 0.070480843923498790 0.0061001142626537120 0.0079239261722058450 0.00150
0.060354881855284300 0.035342580571887806 0.00051726058619255400 0.0099866131138625640 0.00150
0.068621969184213020 0.045376387229128150 -0.0059987472082966830 -0.0080009394405252660 0.00150
0.050315599809036840 0.0017877760709351430 -0.0065390825287543560 -0.0075657385417511980 0.00150
0.048068828232691714 0.068303072504003100 0.0040761376355628790 -0.0091315443368549590 0.00150
0.051986322199422340 0.029174061998346275 -0.0090316226417538750 -0.0042929934145021430 0.00150
0.023216214867706527 0.052409397911666720 0.0070072462768149530 -0.0071343184408927940 0.00150
0.0084912991126169370 0.071215293897527430 -0.0098880131049464360 0.0014923795885791091 0.00150
0.063309135151472340 0.017383896787966775 -0.0074068695400115980 -0.0067185030786067490 0.00150
0.059401454319297185 0.063854668370183430 -0.0078862402877955310 0.0061487571201951600 0.00150
0.030196921703849080 0.038096648836346524 0.0077915884823770180 0.0062682652242298910 0.00150
0.083282518005791450 0.038310646056319550 -0.0084968284742668130 0.0052729409136542310 0.00150
0.081248987442215680 0.077546032056446020 0.0097996978988722160 -0.0019914620485561576 0.00150
0.071123553177060530 0.034858219253068326 0.0049805544140103805 -0.0086714518812642740 0.00150
0.079989549359812150 0.072261685790979500 -0.0099042529429534260 -0.0013804976066615954 0.00150
0.037005152014132050 0.064002138985405350 7.0968605896224660e-05 0.0099997481696779320 0.00150
0.016307097654037303 0.014028752829212190 0.0095410860465409640 0.0029946079964665360 0.00150
0.066647299823762830 0.013354073015688946 0.0023037734144540196 0.0097310137218511240 0.00150
0.034148746760818470 0.058528937460540255 -0.0094764093140648310 0.0031933785419685718 0.00150
0.012319318531238955 0.064536999797438130 0.0077893719864489674 -0.0062710193793931200 0.00150
0.072999565684126010 0.075157355456971460 0.0064253542704712455 -0.0076625597876256040 0.00150
0.051499452703490205 0.038751757879518350 -0.0027200080166524376 -0.0096229702477637590 0.00150
0.075593742814351650 0.030030812138736273 0.00079915871399217010 -0.0099680161190605220 0.00150
0.054984917398907250 0.031080394578672560 0.0095126820224622200 -0.0030836473111437550 0.00150
0.038203140203625500 0.035187969648191736 0.0041954288561602800 0.0090773551606675420 0.00150
0.018033004698560720 0.073127332850373620 -3.4053125595189685e-05 0.0099999420190637710 0.00150
0.087025471963237580 0.029582847771620614 -0.0015745157488038038 0.0098752670929331730 0.00150
0.084331020485830560 0.017073185110032706 0.0075876103096167505 0.0065136909497916470 0.00150
0.086265770263221520 0.024368207709009864 -0.0045944952644166220 0.0088820388011567050 0.00150
0.039057087250934270 0.073235397528210840 -0.0048864496707564835 0.0087248271968654990 0.00150
0.019370359526130494 0.0073311938731674460 -0.0034384542736149320 0.0093902626272250340 0.00150
0.026522512617105130 0.013233643519568360 -0.0076303146531600050 -0.0064636134084404915 0.00150
0.0060475434602555250 0.0089027852165903900 -0.0057159394901510644 0.0082053662773170330 0.00150
0.011246862942631050 0.014555258685683563 0.0091585425383715470 0.0040151087871736260 0.00150
0.064778562131838620 0.059240138998931303 0.0075137605378960500 -0.0065987424998370750 0.00150
0.0057039076753923005 0.028387108456402212 0.0099509345423190330 0.00098939463030779140 0.00150
0.022169077140072612 0.031813071696904200 -0.0016588275078269804 0.0098614548267117530 0.00150
0.078788121352614080 0.081064331707564140 -0.00043371482521164476 0.0099905901452512630 0.00150
0.0026148656553788415 0.035354088700807880 -0.0099999819248232400 1.9013237716755670e-05 0.00150
0.051403860406431606 0.068461022539779010 0.0055393649609248310 0.0083255892181681810 0.00150
0.015452418137780380 0.054701644353759020 0.0030162731213555366 -0.0095342590932588020 0.00150
0.069853086815804530 0.028496700186196284 -0.00076007269940163260 -0.0099710726349588040 0.00150
0.036689613151298630 0.060603905391455150 -0.0092349613144592470 0.0038360773611126720 0.00150
0.057753718045515524 0.053787808484079644 0.0085016185696746640 0.0052652143067270220 0.00150
0.010235939002904050 0.074024189278681210 0.0082611599439115400 -0.0056350010098589590 0.00150
0.064065707297842130 0.021861891861174036 -0.0091853781260115370 -0.0039533313397929080 0.00150
0.012868065317787460 0.042167931160995560 -0.0094081705474308290 -0.0033891484108039780 0.00150
0.0027070336352635403 0.010335324440921514 0.00052421425137738380 -0.0099862505185205950 0.00150
0.019485975185995517 0.084648184770337230 0.0083819197666331470 -0.0054537529303888090 0.00150
0.049838555835640590 0.075626803849434360 0.0099763748738833070 0.00068698207818678490 0.00150
0.039129613863427185 0.0036912593634121700 0.0083973594464931620 0.0054299497535789460 0.00150
0.041963127653554060 0.0021325642467338746 -0.0018086543430877243 -0.0098350785186103080 0.00150
0.0060527620663108975 0.068914196836328310 0.0096364274297358700 -0.0026719405665983950 0.00150
0.029830604012308852 0.011607051303920021 0.0029096424655507473 0.0095673392708037570 0.00150
0.043810593399823230 0.081324938946316930 -0.0030929141154904887 0.0095096730897649520 0.00150
0.059821061524432670 0.019351673577750576 -0.0050023641958560470 0.0086588886383887330 0.00150
0.012938227682698651 0.081378350760409030 -0.0063449516110816430 -0.0077292683387907080 0.00150
0.071741986075138930 0.0064444738412117380 0.0063182064559400945 -0.0077511461849275500 0.00150
0.080770806064021120 0.013108593224795190 0.0051464889006342980 -0.0085740102633276570 0.00150
0.020295335845753854 0.079500659358083800 0.0022410172179488674 0.0097456575883239780 0.00150
0.040954741926925390 0.026454984693026803 0.0022661205873556636 0.0097398509990432000 0.00150
0.038934292147334404 0.050372336407025424 0.0081345939906244270 -0.0058162170358143420 0.00150
0.013510257059248347 0.028213821600656490 0.0081775914020372140 -0.0057556058639666300 0.00150
0.039270678959352996 0.021418631694613964 -0.0054238652173649820 -0.0084012907403480770 0.00150
0.028731109612621115 0.072219928593764870 0.0071663384180893400 -0.0069744959443257815 0.00150
0.077690767542744650 0.086204817757912610 0.0091579824020944080 -0.0040163862268124950 0.00150
0.047234928026113930 0.027199678541739467 -0.0082123081921591400 -0.0057059612824655460 0.00150
0.071682183612958700 0.022310007148836415 -0.00079724637875080110 0.0099681692507485400 0.00150
0.034399718191849210 0.053561358494072626 0.0098014010790155250 -0.0019830625023617720 0.00150
0.032393622883453750 0.070554556117556770 -0.0099288871333497210 -0.0011904622183010988 0.00150
0.019382598777019578 0.067860389602092670 -0.00062155237700640160 0.0099806649399044410 0.00150
0.056598067045280816 0.020339506983803200 -0.0032708139257715367 0.0094499617069583400 0.00150
0.012386139492217254 0.0084416123019834300 -0.0052549147023089870 -0.0085079886854330530 0.00150
0.044314737225473510 0.076665122936453220 -0.0099998452800318870 5.5627110512587530e-05 0.00150
0.047558148473084310 0.056428879655388900 0.0098516687546121930 -0.0017159903115687570 0.00150
0.047619885773585050 0.063856359931960570 -0.0047365169266797030 0.0088071225382230640 0.00150
0.054530982008847380 0.051345551732759770 -0.0087236035878327320 -0.0048886338012119400 0.00150
0.051722813064387310 0.0070380282471225845 -0.0093834152359489820 -0.0034570968325692763 0.00150
0.048378070092212525 0.035848647737893290 -0.0036685358433705606 0.0093027869354245370 0.00150
0.064865305972246070 0.0018266100367581340 -0.0098160235115851350 -0.0019093670207709710 0.00150
0.029604811446061217 0.015802283663647648 -0.00096552305898503950 -0.0099532791190927710 0.00150
0.017474994439601405 0.080874485140771700 -0.0055674912630979400 -0.0083068069097173620 0.00150
0.018390507823672870 0.039755259241874400 -0.0079574335462591060 -0.0060563397656398240 0.00150
0.055512159459576770 0.034350165977599250 0.0035857599333878097 -0.0093350053936840680 0.00150
0.063075646131827940 0.068017232099982620 -0.0059218521349561450 -0.0080580188192703630 0.00150
0.0076161625885019480 0.062479916353017570 -0.0029406679587474886 0.0095578487096415100 0.00150
0.028150638829054057 0.087923869668994960 0.0075441471885988040 0.0065639807431738220 0.00150
0.063293090237701100 0.042004287400916000 -0.0072028663254564970 0.0069367655789715730 0.00150
0.066983999202459620 0.047981342744172380 -0.0013940767253516986 -0.0099023507352462860 0.00150
0.069484993398059480 0.064095065220191190 0.0048980434885495560 -0.0087183238058859270 0.00150
0.010226947439464206 0.044915207270622310 0.0017173356149142432 0.0098514343313929230 0.00150
0.048935557549048320 0.083699261042827140 -0.0099313225611269570 0.0011699710196627516 0.00150
0.061679820702635245 0.0085258613376328840 -0.00089015689515730280 -0.0099603022394907230 0.00150
0.0088150926122294230 0.0076192739117748040 9.8449134870818740e-05 0.0099995153766491690 0.00150
0.025181739339177167 0.036545910686484930 -0.0099621669507809350 0.00086903949551680150 0.00150
0.0066179578632021890 0.085093876926750590 -0.0099158288095429650 -0.0012947351157042587 0.00150
0.030964227303459100 0.081055864862384720 -0.0069435665381634570 0.0071963104248008060 0.00150
0.073008779471838020 0.027452782108067914 0.00066055000068928240 0.0099781598351895220 0.00150
0.086497112390160030 0.012036193403638073 0.00095418269730257020 0.0099543726763753630 0.00150
0.070031325734760370 0.010908781180838285 -0.0047433744310768820 -0.0088034310928527220 0.00150
0.035617816053952990 0.020936569676972020 0.0079712996382429390 0.0060380776806321380 0.00150
0.069956646855493660 0.071449691131475120 -0.0076552442765561270 0.0064340683137696530 0.00150
0.010536248218123021 0.077110054445556980 -0.0084172762628326350 0.0053990240150562630 0.00150
0.073062192149255760 0.087991837557685000 -0.0042843695093468490 -0.0090357167899054390 0.00150
0.080840544076276870 0.050665020383555460 -0.0096405496586565060 0.0026570288442126356 0.00150
0.077994884968921980 0.044652220837874630 0.0096122462709258840 0.0027576659745283590 0.00150
0.083231776606974910 0.028433467421395197 -0.0062952172362692600 -0.0077698288236085640 0.00150
0.054226606709848614 0.043926389521940654 -0.0091643452549825550 -0.0040018465797027680 0.00150
0.080622232807940090 0.019296952121039174 0.0053534169847417270 -0.0084463558170064560 0.00150
0.022901159933067840 0.044522598166935730 0.0062049032881088540 0.0078421409822328460 0.00150
0.087857598448642990 0.019286867078082010 0.0019487504320947994 -0.0098082807746011410 0.00150
0.066811289691868860 0.027970893901126380 -0.0071645419229383290 0.0069763413788646520 0.00150
0.065493994151224370 0.085490869389155340 -0.0065307770092544980 0.0075729090616085480 0.00150
0.062591416975838980 0.065019380092145520 -0.0097623632820533330 -0.0021670863271260930 0.00150
0.024425622024394900 0.019970219037583830 0.0091082339310362730 0.0041279625310217540 0.00150
0.020679021086579310 0.022943698677511205 -0.0086895105353199400 -0.0049489803653443360 0.00150
0.056190037645765335 0.076170800208504500 -0.0077067616847365420 0.0063722699514911305 0.00150
0.043744227387809700 0.048176775873200274 0.00045645048959701154 -0.0099895772158058150 0.00150
0.053698610335148160 0.023610420095827124 0.0059796320403915670 0.0080152355337521180 0.00150
0.023833600687256425 0.079673296244856030 0.0020444954193808730 0.0097887710403365070 0.00150
0.085203487569113900 0.075545262515623850 0.0027357793009201853 -0.0096184984075819570 0.00150
0.055018943260025920 0.014882261778448636 0.0087148124331957260 0.0049042883534940315 0.00150
0.076083697384476500 0.083208529335991100 0.0098545142203328110 -0.0016995733232957097 0.00150
0.044513223888793495 0.062809337099355110 0.0040330301617734820 -0.0091506648782602330 0.00150
0.030513497658165037 0.043973655067323515 0.0033921203537652773 -0.0094070994204149530 0.00150
0.072238979147930070 0.013328249689228473 -0.0089842114542987870 0.0043913488297385910 0.00150
0.043290836970057936 0.041424890338144290 0.0094825705702544610 -0.0031750362801303555 0.00150
0.036651603388417100 0.047561764968794640 0.0060875067069762045 0.0079336159531779530 0.00150
0.044664553247683945 0.066605565410823850 -0.0079764571716995150 0.0060312628021039994 0.00150
0.050702143400107240 0.025774399338376885 -0.0088698048554676550 0.0046180690581586600 0.00150
0.036947486193862525 0.039363228905822020 -0.0094159948272398760 0.0033673493156178335 0.00150
0.025144487911385124 0.016579399731927208 0.0039491475399826800 -0.0091871776791051970 0.00150
0.035649915006356530 0.082442801713255980 0.0054328880717926910 0.0083954587247733350 0.00150
0.035715163571573410 0.072947603478306820 -0.0074157009900882856 -0.0067087538951435405 0.00150
0.027248733700357984 0.077757079816802670 -0.0032546813515388520 -0.0094555300909015800 0.00150
0.020739402535237490 0.062404972791679475 0.0047754889921205210 0.0087860517233929220 0.00150
0.070042770692502140 0.059997859270713244 0.0035772554905444730 0.0093382676742193150 0.00150
0.021110640173574783 0.041832338930756790 0.0052953230871580810 0.0084828977008219660 0.00150
0.052417578857699924 0.071947977332249810 0.0055368404432213060 0.0083272683339921800 0.00150
0.081070093128584240 0.084625098072022060 0.0085746482174056690 0.0051454259248133960 0.00150
0.0088921879369586560 0.080844430094369580 -0.0092652354772991120 -0.0037623678116576970 0.00150
0.034418659018564790 0.044748338745573120 -0.0051471163718816360 0.0085736335969242380 0.00150
0.059997132828095270 0.044526338697074036 -0.0025944448178936590 0.0096575802397342120 0.00150
0.017589989314238982 0.087610314336959930 -0.0032825507023843755 -0.0094458912171523480 0.00150
0.0030856023095774277 0.047366408919414460 0.0058537346690996795 -0.0081076377832128430 0.00150
0.032837510543157310 0.025075793341473817 -0.0015091278403896178 -0.0098854708113150070 0.00150
0.037509882144062840 0.053878328330723146 0.0089279267587767560 0.0045046779895923720 0.00150
0.060503439998655010 0.057730911790181330 -0.0064150951369091480 0.0076711507861861640 0.00150
0.080659960595047510 0.060907871080273256 0.0098711408227367720 0.0016001808828065725 0.00150
0.0083940738212897740 0.054396189196428350 0.0096721353605844620 0.0025396451654771930 0.00150
