0.065336721770746950 0.012161785432168854 -7.8402848848519550e-07 0.0099999999692649680 0.00150
0.043443586072821590 0.045722824963609400 -0.0037467261522632894 -0.0092715717728951620 0.00150
0.083827874913594300 0.066216143542726080 -0.0099388135084811060 -0.0011045297839503995 0.00150
0.075342596310014690 0.059395955437476030 0.0015360338430656533 0.0098813258236411260 0.00150
0.051230724232515186 0.036867612854029966 0.0084818636985908080 0.0052969791578339675 0.00150
0.020335230795012472 0.018032806441197854 0.0093138637476169010 -0.0036403217015571130 0.00150
0.072549492053906860 0.022700820937011600 0.0048085187280977740 0.0087680184558161680 0.00150
0.063593484766195680 0.067711664399170370 0.0088693541096881450 0.0046189346907006615 0.00150
0.060714630286072230 0.013043755006488052 -0.0068419913219617510 0.0072929524028475660 0.00150
0.085627863632363260 0.060540301351081480 -0.0097787876042064150 0.0020917248843523796 0.00150
0.070766211856928950 0.032345605596823646 0.0098511497968866330 0.0017189670384566530 0.00150
0.073688210137181400 0.064274093238724930 0.0026090841257956070 0.0096536355858568300 0.00150
0.049494745735023620 0.026028609295735798 0.0087774464935509340 -0.0047912872020836330 0.00150
0.015483809444114958 0.036965276499680190 -0.00040807307138517523 0.0099916703492664470 0.00150
0.071635239819486110 0.053614981881196780 -0.0089753674237820750 -0.0044093967397039150 0.00150
0.039451103410641650 0.013673011766397050 0.0082855764031676650 -0.0055990377447621460 0.00150
0.084723615697698080 0.055460774315009180 0.0033666358128218777 -0.0094162499597146000 0.00150
0.012852491015441538 0.056134562133605840 0.0084214658216604440 0.0053924867560899000 0.00150
0.0052997878763341280 0.042232503734426004 0.0085162476238746650 -0.0052415194751950650 0.00150
0.043236950321161510 0.075380734232252370 0.0096155432903165320 0.0027461477076167508 0.00150
0.061708358723484290 0.077010349303940770 0.00068871158298769440 -0.0099762556280128760 0.00150
0.0078578927784649280 0.052493113848132260 0.00037310987978783680 -0.0099930370267303990 0.00150
0.037333965995819880 0.040608460245291265 0.0049466129313999576 -0.0086908584447629060 0.00150
0.016362924081841010 0.011189395154152985 -0.0079821959296708070 -0.0060236656730222670 0.00150
0.033765368961369860 0.035694216564945450 -0.0096080766948076500 -0.0027721584057723130 0.00150
0.072907547592993240 0.074518283283920590 -5.8882320403261770e-05 -0.0099998266421145490 0.00150
0.047947631582135360 0.031162480954681795 -0.0065832198252606610 0.0075273645276613910 0.00150
0.043466246880515520 0.038533295128717705 -0.0028623653243950516 -0.0095815898863237100 0.00150
0.053946699769468726 0.080187574614608140 -0.0099881765048764750 0.00048613795103197635 0.00150
0.056779690652595070 0.065550050605656040 -0.0063969930971456740 -0.0076862526184786960 0.00150
0.075897158830124920 0.082329616760280510 0.0039296682678098320 0.0091955264832943880 0.00150
0.0090593585267532680 0.065133818643328360 -0.0052616245289473715 0.0085038407391236650 0.00150
0.054374162039512460 0.014269744833038295 0.0092185742307520100 0.0038752921376478174 0.00150
0.078733296419566850 0.069477491745618220 0.0033005265197625130 -0.0094396252410964050 0.00150
0.072232158563238090 0.011978424604547103 0.0097868957415027310 -0.0020534536140258180 0.00150
0.037450414527395150 0.056618002228090990 -0.0042570481765141940 -0.0090486209348627920 0.00150
0.064223862597314190 0.049173008916302860 0.0068795028033893330 -0.0072575781896000470 0.00150
0.029013481825253328 0.070265384614598340 0.0099794139737156300 0.00064132420912454900 0.00150
0.012905025124895145 0.0043566932384989170 -0.0099999558252145250 -2.9723622896371225e-05 0.00150
0.012028405768412439 0.086234934594098740 0.0081759847558946950 -0.0057578879175768600 0.00150
0.049686080449556270 0.0052738051087579920 0.0067051846570295960 0.0074189284074679470 0.00150
0.076421155343668020 0.0044574874547429910 0.0095640425908948600 -0.0029204604636168450 0.00150
0.037022457658658435 0.068499043868184200 -0.0041420073606270180 -0.0091018555813917200 0.00150
0.069599860222502130 0.021677283207783168 -0.0058141304476087390 0.0081360854923107230 0.00150
0.073411154234581220 0.0065274630008303680 -0.0076609368605313356 0.0064272891967727950 0.00150
0.078162120769420600 0.055406098343251440 -0.0049923888618294090 0.0086646438733673100 0.00150
0.080813812445577370 0.083656151640415640 -0.0087238107591970940 0.0048882640924685130 0.00150
0.063468847398918840 0.057062294498099680 -0.0079637530659203620 0.0060480275383834060 0.00150
0.010414640179596256 0.078528606265480800 0.0015919269029953617 -0.0098724753094408700 0.00150
0.065284254547364420 0.025513111333028176 0.0096656373468424070 -0.0025642649393783940 0.00150
0.043538869866215704 0.064033175812539090 0.0099859598233053070 0.00052972295337493150 0.00150
0.0093513150806478350 0.046373829700864910 -0.0096568339590298380 -0.0025972211857537486 0.00150
0.058961831782313490 0.058753012669699570 -3.0849964609723300e-05 0.0099999524138709580 0.00150
0.032060811846562530 0.058227893714755015 -0.0097881714595623990 0.0020473640316778273 0.00150
0.065976147410868590 0.019345898775239300 -0.0057606553025163360 -0.0081740351409564200 0.00150
0.066062232599191750 0.045403075498766170 -0.0038683439187400387 -0.0092214920336324630 0.00150
0.0080170921435023140 0.0042777290014757130 -0.0054652951380562500 0.0083743984293762100 0.00150
0.048661593919010120 0.048732614642057324 0.0091857089903301300 0.0039525625036130970 0.00150
0.041144767062456025 0.066287105633701660 0.0093631497653151700 0.0035116130869272152 0.00150
0.024035016985311315 0.037739905179312230 0.0068003120699468480 0.0073318316777825190 0.00150
0.031210826902564140 0.013532475654968358 0.0054687272952193920 0.0083721575337855640 0.00150
0.025984044247096934 0.073307170687569560 -0.0093440141586247030 0.0035622183261868013 0.00150
0.076245738042166370 0.088150288573944760 -9.9445221177921430e-05 0.0099995055201737300 0.00150
0.023016088574862884 0.061328021946685330 -0.0078279297066465150 -0.0062228222301300730 0.00150
0.070659255723474220 0.040756449652921910 0.0093237986372331750 0.0036147999906397024 0.00150
0.0048299742132698620 0.0017410467919968377 0.0014614645028909318 0.0098926296557987940 0.00150
0.075675770049165200 0.025934035549183830 -0.0080460361395356640 0.0059381228044968920 0.00150
0.043384392892412540 0.028285768505260073 -0.0098302675642799510 0.0018346224719722399 0.00150
0.084066328400907460 0.029575420780447836 -0.0014904339748620953 0.0098883065570691500 0.00150
0.024770357046933106 0.0099249242315121860 0.0058101266710786880 -0.0081389451445516010 0.00150
0.015275376329534126 0.046017612332822665 -0.0061179656352529550 0.0079101514831173700 0.00150
0.087999252682370520 0.038214664454311674 0.0019707612347744066 -0.0098038818921644730 0.00150
0.0067172276361619470 0.035171882272643194 -0.0015449567596810420 -0.0098799346460751380 0.00150
0.035217903768937440 0.010282115539492955 -0.0089610380238258450 0.0044384453962561490 0.00150
0.027229981483479465 0.031029645020418634 -0.0094841549131481680 0.0031703005509584560 0.00150
0.040138207612875350 0.033278366689512430 0.0074276375356968660 0.0066955358738720080 0.00150
0.019571160935299900 0.056225551308167260 -0.0062720868509744990 0.0077885124724707735 0.00150
0.028689957921109900 0.051225242059875370 -0.0087337244366970780 -0.0048705294849574960 0.00150
0.057116361340269324 0.041821831365334496 0.0019636563473551710 0.0098053074275869480 0.00150
0.058713800995751280 0.029613654769775895 -0.0029157938590183460 -0.0095654663332067030 0.00150
0.067238550789703660 0.042405173643441060 -0.0097092234216990500 -0.0023939466467594060 0.00150
0.048764849389446130 0.068795886713150100 -0.0019948022517419230 0.0097990185210788010 0.00150
0.038473950604613670 0.028482188655982017 -0.0098707873865021680 -0.0016023596258236455 0.00150
0.0059622947439690880 0.062795479840883930 -0.0062464456012336630 -0.0078090919671129890 0.00150
0.027028868333745720 0.085333533053802800 8.4711339332425110e-05 0.0099996411930123020 0.00150
0.0093063625671091330 0.011075602446474597 -0.0087909710048689280 -0.0047664272565050030 0.00150
0.040763547051885090 0.0054414879908241550 -0.0024740055103834855 -0.0096891329196472560 0.00150
0.029271192422566306 0.024324063642837910 -0.0070977475346879990 0.0070442870422655570 0.00150
0.074169949308227540 0.019609899704782240 0.0099890320818741290 0.00046822864851417550 0.00150
0.027741848482094177 0.0054643031757209570 0.0031234604765938260 0.0094996839237501100 0.00150
0.029071702797008720 0.028598185881597750 0.0034046022793277355 -0.0094025891816880100 0.00150
0.067874208439338310 0.068548849173533650 0.0011657548619414340 -0.0099318183431766370 0.00150
0.066284752758587210 0.062556364250013500 0.00019532786802001057 0.0099980921692078210 0.00150
0.088374308439979040 0.027799126689275550 -0.0015703502673299608 -0.0098759303378414280 0.00150
0.030850744497396165 0.086675230550987150 -0.0040925683139386620 0.0091241922708667890 0.00150
0.047256508063861016 0.019052208759042360 0.0099999454666924030 -3.3025190053050880e-05 0.00150
0.0051665937396129360 0.084273737328016640 0.0099977089168048450 -0.00021404769291185664 0.00150
0.043817380943175960 0.053704686299074370 0.0061254671162333980 0.0079043439074943660 0.00150
0.063488643935474790 0.035822948458680406 -0.00034785206802337780 0.0099939481156733990 0.00150
0.027939817308736030 0.066542225137171190 0.0036205061296862260 -0.0093215843806138700 0.00150
0.016163592271316633 0.077589758360408670 0.0082916054993346450 0.0055901053875041980 0.00150
0.0037487063800623593 0.067573598717599280 0.0096842173726291760 0.0024931774665408937 0.00150
0.019668020654110430 0.045293301719939750 -0.0079680108696383970 -0.0060424169651989720 0.00150
0.024749683719460028 0.080094105897938060 -0.0096771685197458760 -0.0025203986669650904 0.00150
0.053947141720990445 0.060747868650154240 0.0096559881327320360 -0.0026003640476937213 0.00150
0.010239606233305717 0.072412723685756940 -0.0059676280177359920 -0.0080241769572917810 0.00150
0.075648903765187720 0.050506468210669700 -0.0032425032521130310 0.0094597131383587110 0.00150
0.087937637977748030 0.051206553464086780 -0.00015600051230338716 0.0099987831179679600 0.00150
0.061279227696244090 0.072232029112554250 0.0097703748482290740 -0.0021306748520346064 0.00150
0.031724114723216910 0.0035091236399337235 -0.0086601977058947490 0.0050000975685295720 0.00150
0.060826619327259660 0.0020516666906363543 -0.0083976601409447200 -0.0054294847045726460 0.00150
0.049372740069004314 0.087723174781543120 0.0091458849427956400 -0.0040438581346461675 0.00150
0.051574771537288996 0.043784413894148800 0.0079342843438890370 -0.0060866355197528735 0.00150
0.068207699870033440 0.037055049118254900 -0.0035327829104440520 0.0093551827832316810 0.00150
0.039839412607399010 0.048185458926297390 0.0099657452525729870 -0.00082699550229671620 0.00150
0.087687886276142670 0.083144209231163500 0.0061631198830789590 0.0078750208448484000 0.00150
0.013623445196295575 0.027569982535158938 -0.0047260780593182730 -0.0088127286453873310 0.00150
0.044730148749303240 0.011181746409703866 0.0073843229869258920 0.0067432762085471390 0.00150
0.084368339809081510 0.017195211177208555 -0.0087939588749402460 -0.0047609124446748330 0.00150
0.040429874732578890 0.0021956780209255360 0.0030861902569038024 -0.0095118573211645710 0.00150
0.022177089509596175 0.075663396675896990 0.0053285928317353600 -0.0084620386688775260 0.00150
0.0044371816792637040 0.017398382469530103 0.0089152678236578220 0.0045296798598191830 0.00150
0.034287095298905340 0.075020779697196850 0.0029025596438377477 0.0095694904521591160 0.00150
0.079611878468115360 0.087550399197205740 -0.0055518296924750455 -0.0083172824327271980 0.00150
0.056960832923531260 0.016221974240282170 0.0098589549041733120 0.0016736212825717118 0.00150
0.065346328116858820 0.084446379251056270 -0.0098773729321969020 0.0015612507672709032 0.00150
0.055435421539586670 0.0061112545301311280 0.0099977012392588900 0.00021440599460200775 0.00150
0.077958621112394500 0.014761008407570953 0.0058147130200390750 -0.0081356691485450700 0.00150
0.037477545223359350 0.060616102973305600 0.0098377050988613920 0.0017943127898548156 0.00150
0.053146322780914020 0.047478990451492990 -0.0091537789608255280 0.0040259571205302120 0.00150
0.072308813966123400 0.083534645525404590 -0.0010719836337682227 -0.0099423765312390520 0.00150
0.020663890734803440 0.041931688530496450 -0.0073330081165162040 -0.0067990434594218820 0.00150
0.077411818092324270 0.043436143244162270 0.0015017487034079160 0.0098865945012331040 0.00150
0.021701865040566280 0.065561367792947080 -0.0034852872969627460 -0.0093729809803301170 0.00150
0.017736849653506940 0.033123220976639695 -0.00091482400128494430 -0.0099580669332292100 0.00150
0.0064125071451894640 0.025571978095394000 -0.0090023833145515560 -0.0043539745816763490 0.00150
0.059124214882149180 0.079930497406045000 -0.0097920765982691200 0.0020286044201939064 0.00150
0.046900104753177510 0.057043617646375780 -0.0070596409893277670 -0.0070824761984635910 0.00150
0.063204192886528470 0.018175091834248435 0.0017902009513143483 0.0098384541750171920 0.00150
0.011202112852842807 0.059143453566735330 0.0090190494665874600 0.0043193456355388420 0.00150
0.077823038821119810 0.018714879039198390 0.0098174265075991840 -0.0019021400494939672 0.00150
0.044434822494125926 0.080159504247791430 -0.0070293160294709600 -0.0071125745098257220 0.00150
0.076080669909527460 0.036608036252141846 -0.0059053194758974985 0.0080701426187884500 0.00150
0.012457025833813314 0.0090238324275484920 0.0039308915597693410 0.0091950036185601440 0.00150
0.033970342480647904 0.087934007980562930 0.0056652625713139440 -0.0082404368815050900 0.00150
0.057812859400700460 0.061869395458431480 0.0032217509586967120 -0.0094668009781624130 0.00150
0.049422406795748790 0.011139465793145446 0.0094271705573968220 -0.0033359339444525133 0.00150
0.062728321221773920 0.060351129090042435 -0.0082265365335285230 0.0056854284502155600 0.00150
0.082672469754816170 0.040464316132293315 0.0087552185788080960 0.0048317851398104970 0.00150
0.021699410500063050 0.0017170949555552336 -0.0089845046462487550 -0.0043907489408453490 0.00150
0.022661074073715447 0.026996089503824590 0.0016590178760124375 -0.0098614228023683870 0.00150
0.0079570043031267290 0.021597954374374880 -0.0083574537612389530 0.0054911716990777910 0.00150
0.032751965077677340 0.026296169817554070 -0.0099942828757842790 0.00033809732149948544 0.00150
0.069167572818527090 0.057116589671150880 0.0059724244467764620 0.0080206075971553970 0.00150
0.081657603630621580 0.035112127192323130 -0.0092729205944984800 0.0037433866549056857 0.00150
0.086678797074461330 0.0091024174658111360 -0.0095681827702816820 0.0029068674676504870 0.00150
0.0079663347336930540 0.017373903588463450 -0.0011479338589091743 -0.0099338938919021030 0.00150
0.079108427061043230 0.021747566236704510 -0.0099623691744726190 0.00086671819613861280 0.00150
0.0077606764990169540 0.028770779206739280 0.0066814922427267460 0.0074402729392396840 0.00150
0.040105272504183460 0.075976932555939820 -0.00017745238385783222 -0.0099984254086062560 0.00150
0.053444848275097820 0.054964484505036670 -0.0027817354872172943 -0.0096053083073452650 0.00150
0.023612181026691423 0.0040562670704258150 0.0050406014929243945 0.0086366855094722750 0.00150
0.026798080339777815 0.041204005843534950 -0.0098655819392454560 -0.0016341031179316317 0.00150
0.0050276799771873660 0.050888356806463926 -0.0069743758851778040 -0.0071664552613025030 0.00150
0.072956992317648590 0.045735653947198280 -0.0038624954632488100 -0.0092239432346682600 0.00150
0.064408546464589160 0.053492156325800890 -0.0045474075251181910 -0.0089062385326521800 0.00150
0.010600490397311367 0.035554273471258360 -0.0019048470694643830 -0.0098169016314697250 0.00150
0.031718368306973640 0.049207749437709766 0.0097010578704886160 0.0024268243021345590 0.00150
0.029418321139741455 0.062299435429885000 0.0013607147014107366 -0.0099069902342419170 0.00150
0.036249551836905390 0.016072815267263875 -0.0062236906727933210 -0.0078272392584732860 0.00150
0.020143625552052704 0.078454808003908460 -0.0099918166005572820 -0.00040447623023850920 0.00150
0.054802094181455990 0.034771013710608300 0.0094307451890259360 0.0033258149647363400 0.00150
0.061431803716822740 0.086151073567998310 -0.0094853358505629500 0.0031667655110578143 0.00150
0.027867644044906797 0.013686104885349638 -0.0051789367106156560 0.0085544499850918230 0.00150
0.018527874465723085 0.038721590944722994 0.0042719427015032480 0.0090415986172287660 0.00150
0.078677054409898890 0.049881772271851296 -0.0058679912701073770 0.0080973253889135270 0.00150
0.017899443895970520 0.015533476877230602 -0.0081163246632604600 -0.0058416841715852790 0.00150
0.022625964212935650 0.070733458217617050 0.0034117510925109245 0.0093999975788693970 0.00150
0.011356709142642495 0.039431482834016866 0.0036117091687925098 0.0093249963474555920 0.00150
0.079323744958855910 0.011797796473340772 0.0093116552276619490 -0.0036459672133956336 0.00150
0.052528301456645110 0.083348079683628670 -0.0065411178308394780 -0.0075639789478206400 0.00150
0.079092421231803880 0.025008480751044088 -0.0056686234496206930 -0.0082381252834859450 0.00150
0.086062508863306600 0.0017399656588374580 0.0053067695092969690 -0.0084757417005944680 0.00150
0.0022527972739798023 0.071988919455152980 -0.00069725086869832930 -0.0099756624454769620 0.00150
0.062182723964273844 0.065022566853200260 0.0091009813628784200 0.0041439278749200850 0.00150
0.031089187621818712 0.074796663874622530 0.0092509389784894680 0.0037973843650945090 0.00150
0.060400474922911360 0.033678145384169530 -0.0044334730255252780 -0.0089634991455312660 0.00150
0.046324310001869710 0.022019689122452314 0.0060875299890836640 0.0079335980886358900 0.00150
0.0073220334770843200 0.056626985111024340 -0.0095478276493610040 -0.0029730434201500552 0.00150
0.078607131843160640 0.030562841146556663 -0.0068380399432646500 -0.0072966574357247425 0.00150
0.036678888737372750 0.046216941899400905 -0.0099985698862011100 0.00016911602748514600 0.00150
0.067884946993933830 0.0019008112102637468 -0.0086637013321961030 -0.0049940243518132215 0.00150
0.086259630744562620 0.032793184695130530 0.0020803061180063970 -0.0097812231574269470 0.00150
0.011633710728492152 0.042995818043017886 0.0025131526737204248 -0.0096790528275535240 0.00150
0.053053607676373240 0.0090708979862019050 -0.0084014623079542960 0.0054235994586642620 0.00150
0.048275401561017470 0.044722977966510660 0.0091757878329199290 -0.0039755399187077220 0.00150
0.070008880107403390 0.070954716591359670 -0.0039780524062864340 -0.0091746988535231340 0.00150
0.076380120627095120 0.039788704973822406 -0.00074938814645306010 -0.0099718813373382900 0.00150
0.028417635287902837 0.057844886691315860 -0.0043983442263843010 0.0089807888331834130 0.00150
0.017590445344715336 0.050317667587869670 0.0064277097003948180 -0.0076605840513273120 0.00150
0.023430094564444870 0.052888411346350370 -0.0084260117036647660 -0.0053853808379449260 0.00150
0.082372713020942300 0.047691388541198150 -0.0061644675820638150 0.0078739659276430900 0.00150
0.067615020109575830 0.033169405156435780 -0.0047132172765283530 -0.0088196135348571050 0.00150
0.032440149018320200 0.039390470935879864 -0.0096947126099136000 -0.0024520496347305507 0.00150
0.052510295276185140 0.086517435837019370 0.0086075648310658910 0.0050901697102353710 0.00150
0.088243843023673010 0.056344858974442705 -0.0074373765466269160 -0.0066847161573012130 0.00150
0.058696626409381730 0.038838224632483920 -0.00047557574739384340 -0.0099886849839451230 0.00150
0.048132346110893920 0.062213403219312520 -0.0010449230790760436 -0.0099452569478527920 0.00150
0.076304540197396770 0.066088954754627210 -0.0058310160995371550 0.0081239923219399040 0.00150
0.038551054733093970 0.064769687040752160 -0.0040984208017747900 0.0091215649387361000 0.00150
0.017308884479959860 0.022367487987144570 0.0082640780066149160 -0.0056307206200080315 0.00150
0.059708724268697190 0.068561447952774370 0.0051849250993360870 -0.0085508216981922070 0.00150
0.041004459727809840 0.019080089644253517 0.0093199128817588900 0.0036248067364239873 0.00150
0.022878283698848510 0.034537276889363610 0.0093991268368215970 -0.0034141491920154920 0.00150
0.047076111839766460 0.039853788408470480 -0.0091587620688235070 0.0040146079966392440 0.00150
0.082552402587925040 0.070464414238983270 -0.0099998470382283700 -5.5310144054151383e-05 0.00150
0.081723063423794080 0.073953759621441880 0.0052744146561324030 -0.0084959137257375500 0.00150
0.017842994834640040 0.082875531215062730 -0.0022107422973243565 0.0097525698405507980 0.00150
0.012807070874312570 0.018264516173451210 -0.0074643829489250360 -0.0066545463550716340 0.00150
0.068373452089404830 0.013729112170093965 -0.0080294008401442830 0.0059605974657151850 0.00150
0.051728005044593280 0.069304133692548470 -0.0099924553813638610 -0.00038837540016383316 0.00150
0.088379191402863630 0.045538641539354226 0.0086909468469626280 0.0049464576115913865 0.00150
0.0068316547319358410 0.048428203067940180 -0.0010742382835994611 0.0099421331770425040 0.00150
0.041000482509846475 0.072513235537754770 -0.0093098057269866990 0.0036506872402009020 0.00150
0.058415200226041690 0.049536408376754194 -0.0026788196188610330 -0.0096345173957809240 0.00150
0.025363862261577347 0.023794823239805828 -0.0068201041175484430 0.0073134246304859660 0.00150
0.085823414524363220 0.073338939322585490 0.00097808413214794360 0.0099520526239786530 0.00150
0.056833665364065734 0.056090895158705585 -0.0099079663329061550 0.0013535889870999092 0.00150
0.037217006219135124 0.0047896732417371975 0.0012203667095143486 -0.0099252559208470350 0.00150
0.042462810543927670 0.016365394063088266 -0.00096049856158559950 0.0099537652430219600 0.00150
0.0043607297806500660 0.0092291001709429100 0.0092932398943038290 0.0036926538244086410 0.00150
0.061494111579305190 0.040161922521433890 0.0027479466005902835 0.0096150293541051820 0.00150
0.061582374063531530 0.043195348878411165 -0.0064464451475516720 0.0076448247173893730 0.00150
0.029939832029288686 0.034736036151883040 0.0097339343900372540 -0.0022914015995564936 0.00150
0.078867415274509230 0.081253893203056510 0.0099854904968396920 0.00053849748144648670 0.00150
0.084876079366865640 0.022661001456636630 0.0099304697927324970 -0.0011771871965101436 0.00150
0.017675557696597597 0.066731009493217700 0.0024422326046104775 0.0096971903098257050 0.00150
0.024660060861594880 0.046182676723796550 0.0015671693063940293 -0.0098764356103351600 0.00150
0.087410095883121860 0.015038811481022539 0.0095871114016323630 0.0028438169724317257 0.00150
0.046971722753118840 0.027939140000396386 0.0093069726730120140 -0.0036579037253333525 0.00150
0.021647443619072834 0.048165878496325640 -0.0022442079163081190 -0.0097449233361981860 0.00150
0.032756908873396530 0.0084626642800527050 -0.0027319782178869905 -0.0096195787338630920 0.00150
0.069359446698173330 0.017746742226123920 -0.0022567874614329263 0.0097420177763089270 0.00150
0.052978815538823464 0.075852020628804760 0.0084818856284999030 0.0052969440420913266 0.00150
0.033833203761999935 0.044090214863096180 0.0099981439746687130 -0.00019265788796652458 0.00150
0.017180805295875214 0.0023988810632134160 0.0010230104823353800 -0.0099475348480431040 0.00150
0.0029920008553547790 0.027531072414124922 -0.0050098412924939060 -0.0086545647044795370 0.00150
0.046275539433297690 0.0070532406508891940 0.0073719976470482160 0.0067567485295751215 0.00150
0.084940527210668860 0.080216413608197400 0.0013997693856770536 -0.0099015476399864530 0.00150
0.013423508996997385 0.023632458867499942 0.0034403418838510388 0.0093895712214254120 0.00150
0.067160696705165200 0.081089237887440410 -0.0099623025132994300 0.00086748408256743310 0.00150
0.049411415554209830 0.073857551499867380 -0.00074596711818001880 -0.0099721378379259380 0.00150
0.055678922991750330 0.086392645649892620 -0.0040993945881799860 0.0091211273431742340 0.00150
0.064516396050222110 0.0034995803307452367 0.0095324827516042960 -0.0030218822926061503 0.00150
0.031520544805643015 0.065006028529762130 0.0097792482161549230 0.0020895703689588394 0.00150
0.034174045656496890 0.052404411401234110 0.0029269640089435514 -0.0095620542610021350 0.00150
0.050417837252378970 0.040294203741129220 -0.0076718081667949280 0.0064143089613689990 0.00150
0.073298877038783110 0.0016477705438235058 -0.0054690748266825660 0.0083719305145317030 0.00150
0.025399984312729218 0.064046898323032580 0.00027270308930497640 -0.0099962809596911350 0.00150
0.013757869967278622 0.072807184171408040 0.0064617417450727780 0.0076318997385961380 0.00150
0.064553999002355780 0.040116296956211786 -0.0042954250101020700 0.0090304664321722420 0.00150
0.020492131589368516 0.024716049522410130 -0.0046756353261838334 0.0088395946907390400 0.00150
0.034867484430177070 0.081272847505928970 0.0096295893300558520 -0.0026964809167643817 0.00150
0.078593502343363740 0.059214472150954590 0.0086802568000101020 -0.0049651930361143460 0.00150
0.064366295251498090 0.029906950617119985 -0.0094237110947753300 0.0033456941286089427 0.00150
0.033232396197028090 0.019026401029726945 -0.00051642452112101110 -0.0099866563830936400 0.00150
0.053330531517905434 0.019205219885468257 0.0097205838312617470 -0.0023473921656622897 0.00150
0.084804793860986770 0.037611402598521970 0.0097557502469761620 -0.0021966649991804737 0.00150
0.044642530380783474 0.041732582773663130 0.0059641421190762050 -0.0080267682652149110 0.00150
0.034556328457328526 0.066319971693330540 0.0099886720520511780 0.00047584728282475050 0.00150
0.056721008959501900 0.071209622296105570 0.0043028835861606280 0.0090269149128564100 0.00150
0.070901306212372770 0.026890993798500646 0.0074646707595425030 -0.0066542235047848475 0.00150
0.034489718031385340 0.030546453861516644 0.0078791725708837710 -0.0061578112668571480 0.00150
0.025598879311115444 0.019839602050626726 -0.0095448596750719370 0.0029825582614905670 0.00150
0.017991499450167047 0.074859799493019420 -0.0061188446313898874 0.0079094715611671020 0.00150
0.028464087431161110 0.0096489087363468540 -0.0052355431115956770 -0.0085199230235151230 0.00150
0.070773125879135940 0.060623092367042360 -0.0021035899044873490 -0.0097762420957001120 0.00150
0.048860643760664300 0.084750054597040440 0.0089574267704074100 0.0044457289225489960 0.00150
0.015312157243664137 0.061327919147099570 -0.0076488341193406960 -0.0064416874043071710 0.00150
0.085951128155908470 0.085721759008775930 -0.0090872203331656830 0.0041740180421867110 0.00150
0.041598207702693440 0.059205509309105960 -0.0061535231778109370 0.0078825219631881520 0.00150
0.014155001940261161 0.080816239854530150 -0.0096999539693063060 0.0024312328134793726 0.00150
0.0030406125776034700 0.014106239744235628 -0.0054195333020533700 0.0084040858389199290 0.00150
0.057596236829398094 0.024464835836558570 -0.0017933802140484890 0.0098378751469948740 0.00150
0.063653832028242210 0.080344328460516810 8.3689262783240190e-05 -0.0099996497992327100 0.00150
0.083033644352075890 0.077455322919279900 -0.00085159339508175720 -0.0099636734535738930 0.00150
0.013227214823847694 0.014878844779863322 -0.0042809934542778596 0.0090373168055806320 0.00150
0.051825325582177930 0.064002438717384620 -0.0099345504827966020 0.0011422375868293884 0.00150
0.043575555821900980 0.088249696721155780 -0.0038730957225842220 0.0092194972489664430 0.00150
0.015022533967057604 0.052661002092831920 0.0035795847831994985 -0.0093373750476183940 0.00150
0.026119338069010865 0.028054361091598830 -0.0026117770269152300 0.0096529073735159110 0.00150
0.0028397555086438243 0.059731889535022904 -0.0096559902702167880 -0.0026003561105123123 0.00150
0.021639294605553833 0.058495608198120600 -0.0027725618005750910 0.0096079602966494310 0.00150
0.087515021091153430 0.064436883465037970 0.0049652166838065720 -0.0086802432732527080 0.00150
0.071781666674427340 0.037471927972407940 -0.0082313019851069060 0.0056785268890774070 0.00150
0.0030695508737150195 0.046497335668642274 -0.0036288245574696080 -0.0093183492277927380 0.00150
0.083778390938116160 0.0065301830427357370 -0.0055219113720548620 0.0083371754688965970 0.00150
0.0020907892470983200 0.043622167779210260 0.0069206066108743825 0.0072183934595948550 0.00150
0.036177346370948100 0.084921678589749890 -0.0076129320733258220 0.0064840778254835120 0.00150
0.024251990166257464 0.016891513868877682 0.0011617133656433895 0.0099322918833512700 0.00150
